    24    24     1
    0.140508 -9.79658e-07 -6.55855e-10  6.36648e-09  -2.0948e-07 -1.74292e-07  -0.00184713 -0.000224448 -5.28638e-05  -0.00026595   0.00203857   -0.0918209 -6.68807e-07 -1.59152e-06   5.7102e-20  2.62283e-17 -1.94956e-07 -1.51264e-07  1.62771e-07 -3.60264e-08 -3.82532e-09 -1.97234e-07 -8.24196e-08 -7.13861e-08
-9.79658e-07     0.141584  3.01242e-10  3.19094e-09 -1.61774e-07 -3.27136e-07  -0.00122972 -0.000138078 -3.49137e-05 -0.000211578   0.00349381    -0.070366  3.43911e-06 -2.36809e-06  3.93864e-20  1.60902e-17 -4.24494e-07 -8.62066e-08 -7.63352e-08  -2.8901e-09 -5.11766e-07  2.84373e-07  1.46686e-08 -1.51199e-08
-6.55855e-10  3.01242e-10  2.08119e-07  1.38478e-11 -1.98447e-10  6.92156e-10  4.10856e-07 -3.29513e-07 -2.44659e-08   7.1032e-07 -5.61847e-05 -0.000119851 -1.02396e-07 -1.90715e-10  8.94858e-23  3.81085e-20  7.88335e-09  3.45887e-09 -5.70311e-09 -2.38622e-10 -3.57914e-09 -2.11273e-09 -1.32767e-09 -2.38576e-10
 6.36648e-09  3.19094e-09  1.38478e-11  6.24985e-06  2.61743e-09   2.7429e-10  -2.1296e-06  1.36188e-06  8.52376e-08 -1.12289e-06  3.33364e-05   0.00120181  3.49245e-08 -5.28719e-08 -3.94651e-22 -1.57011e-19 -1.84881e-09  8.54199e-09   9.5615e-09  4.95544e-10  5.56203e-09  5.46409e-09  8.31937e-10  2.83385e-09
 -2.0948e-07 -1.61774e-07 -1.98447e-10  2.61743e-09    0.0305273 -3.87046e-08  2.06561e-08 -3.53135e-05 -5.03261e-06  1.99821e-05 -3.50592e-05   -0.0361498 -1.57573e-07 -1.57984e-07  9.10184e-21  4.13547e-18 -3.92203e-08 -2.68518e-08 -2.55499e-07  -1.2436e-08  -1.8378e-07 -9.58751e-08 -1.16724e-08 -2.85779e-08
-1.74292e-07 -3.27136e-07  6.92156e-10   2.7429e-10 -3.87046e-08    0.0148189 -0.000452558 -1.83269e-05 -1.01475e-05 -0.000164009   0.00316202   -0.0171942   2.8893e-06 -8.41468e-07  9.82087e-21   2.0795e-18 -3.64389e-07  1.07916e-08  2.37081e-07  1.75022e-08 -6.81842e-08  2.76772e-07  5.02592e-08  1.65732e-08
 -0.00184713  -0.00122972  4.10856e-07  -2.1296e-06  2.06561e-08 -0.000452558       225619    -0.134228    -0.156144     -1.68249      4.86323     -20.8155    0.0046034  -0.00506791  3.62283e-17  1.50179e-14  -0.00119222 -0.000167035   0.00276743 -4.89989e-06   0.00118638   0.00082272 -8.18921e-05  5.91455e-05
-0.000224448 -0.000138078 -3.29513e-07  1.36188e-06 -3.53135e-05 -1.83269e-05    -0.134228      50624.9  -0.00528114   0.00535079     -1.06571     -19.5282 -0.000654263 -0.000224198  1.59011e-17  8.40397e-15  6.64427e-05 -4.99309e-05 -0.000181642 -8.79948e-06 -0.000150524 -7.07351e-05 -3.02069e-05 -1.76476e-05
-5.28638e-05 -3.49137e-05 -2.44659e-08  8.52376e-08 -5.03261e-06 -1.01475e-05    -0.156144  -0.00528114      360.995   -0.0360478    0.0210832     -2.33807  9.73532e-05 -0.000149236  1.27075e-18  5.97664e-16 -2.44265e-05 -9.92234e-06  4.00689e-05 -2.13724e-06  1.64704e-05  1.00543e-05 -4.20193e-06  -5.5541e-07
 -0.00026595 -0.000211578   7.1032e-07 -1.12289e-06  1.99821e-05 -0.000164009     -1.68249   0.00535079   -0.0360478      24024.3      2.87627      1.16694   0.00169889 -0.000889765   5.1394e-19 -8.48574e-16 -0.000538128  1.77389e-05   0.00127094  2.46473e-05  0.000744125  0.000367294  1.70036e-05  3.08558e-05
  0.00203857   0.00349381 -5.61847e-05  3.33364e-05 -3.50592e-05   0.00316202      4.86323     -1.06571    0.0210832      2.87627  2.25566e+06     -155.333    -0.182683   0.00408069  1.13478e-16  1.22822e-13    0.0147311  -0.00185997   -0.0222855 -0.000776022   -0.0127701  -0.00799148  -0.00468024 -0.000735593
  -0.0918209    -0.070366 -0.000119851   0.00120181   -0.0361498   -0.0171942     -20.8155     -19.5282     -2.33807      1.16694     -155.333  6.97223e+09    -0.227974   -0.0303964   4.7167e-15  2.27275e-12   -0.0089913  -0.00941467    -0.101373  -0.00581426   -0.0725212   -0.0466822   -0.0058147    -0.013963
-6.68807e-07  3.43911e-06 -1.02396e-07  3.49245e-08 -1.57573e-07   2.8893e-06    0.0046034 -0.000654263  9.73532e-05   0.00169889    -0.182683    -0.227974     0.261997  3.13163e-06  7.57555e-20  7.50435e-17  3.15736e-05  3.46163e-05 -1.37859e-05 -4.21728e-07 -7.19949e-06 -7.43389e-06  -3.3576e-06 -6.24676e-07
-1.59152e-06 -2.36809e-06 -1.90715e-10 -5.28719e-08 -1.57984e-07 -8.41468e-07  -0.00506791 -0.000224198 -0.000149236 -0.000889765   0.00408069   -0.0303964  3.13163e-06     0.262586  6.20543e-20  2.74469e-17 -1.31409e-06  8.96779e-06  5.02911e-07 -3.80748e-08 -1.22447e-06  1.34285e-06 -9.40053e-08  2.10096e-06
  5.7102e-20  3.93864e-20  8.94858e-23 -3.94651e-22  9.10184e-21  9.82087e-21  3.62283e-17  1.59011e-17  1.27075e-18   5.1394e-19  1.13478e-16   4.7167e-15  7.57555e-20  6.20543e-20  6.24994e-28 -1.84639e-30 -1.60368e-20  2.39291e-20  3.12553e-20   1.4449e-21  3.07681e-20  1.13593e-20   7.9992e-21  3.09342e-21
 2.62283e-17  1.60902e-17  3.81085e-20 -1.57011e-19  4.13547e-18   2.0795e-18  1.50179e-14  8.40397e-15  5.97664e-16 -8.48574e-16  1.22822e-13  2.27275e-12  7.50435e-17  2.74469e-17 -1.84639e-30  1.78664e-22 -7.66499e-18  5.67143e-18  2.11966e-17  1.02876e-18   1.7633e-17  8.37253e-18  3.49802e-18  2.00881e-18
-1.94956e-07 -4.24494e-07  7.88335e-09 -1.84881e-09 -3.92203e-08 -3.64389e-07  -0.00119222  6.64427e-05 -2.44265e-05 -0.000538128    0.0147311   -0.0089913  3.15736e-05 -1.31409e-06 -1.60368e-20 -7.66499e-18    0.0144543 -3.11927e-09  1.89656e-06  4.88707e-08   8.3576e-07   7.0863e-07 -5.05015e-08  5.83144e-08
-1.51264e-07 -8.62066e-08  3.45887e-09  8.54199e-09 -2.68518e-08  1.07916e-08 -0.000167035 -4.99309e-05 -9.92234e-06  1.77389e-05  -0.00185997  -0.00941467  3.46163e-05  8.96779e-06  2.39291e-20  5.67143e-18 -3.11927e-09    0.0253818 -2.17575e-07 -2.49992e-08 -1.14288e-07 -9.39408e-08  -7.4533e-07 -1.01895e-06
 1.62771e-07 -7.63352e-08 -5.70311e-09   9.5615e-09 -2.55499e-07  2.37081e-07   0.00276743 -0.000181642  4.00689e-05   0.00127094   -0.0222855    -0.101373 -1.37859e-05  5.02911e-07  3.12553e-20  2.11966e-17  1.89656e-06 -2.17575e-07    0.0605608 -1.12919e-07 -2.78831e-06 -1.04403e-06 -3.98527e-07 -1.43958e-07
-3.60264e-08  -2.8901e-09 -2.38622e-10  4.95544e-10  -1.2436e-08  1.75022e-08 -4.89989e-06 -8.79948e-06 -2.13724e-06  2.46473e-05 -0.000776022  -0.00581426 -4.21728e-07 -3.80748e-08   1.4449e-21  1.02876e-18  4.88707e-08 -2.49992e-08 -1.12919e-07  0.000637848 -4.94256e-08 -6.12229e-08 -1.62365e-08 -8.48681e-09
-3.82532e-09 -5.11766e-07 -3.57914e-09  5.56203e-09  -1.8378e-07 -6.81842e-08   0.00118638 -0.000150524  1.64704e-05  0.000744125   -0.0127701   -0.0725212 -7.19949e-06 -1.22447e-06  3.07681e-20   1.7633e-17   8.3576e-07 -1.14288e-07 -2.78831e-06 -4.94256e-08    0.0566533 -2.66441e-07 -2.40318e-07 -5.89895e-08
-1.97234e-07  2.84373e-07 -2.11273e-09  5.46409e-09 -9.58751e-08  2.76772e-07   0.00082272 -7.07351e-05  1.00543e-05  0.000367294  -0.00799148   -0.0466822 -7.43389e-06  1.34285e-06  1.13593e-20  8.37253e-18   7.0863e-07 -9.39408e-08 -1.04403e-06 -6.12229e-08 -2.66441e-07    0.0120759 -1.55344e-07 -9.57992e-08
-8.24196e-08  1.46686e-08 -1.32767e-09  8.31937e-10 -1.16724e-08  5.02592e-08 -8.18921e-05 -3.02069e-05 -4.20193e-06  1.70036e-05  -0.00468024   -0.0058147  -3.3576e-06 -9.40053e-08   7.9992e-21  3.49802e-18 -5.05015e-08  -7.4533e-07 -3.98527e-07 -1.62365e-08 -2.40318e-07 -1.55344e-07   0.00158943 -1.37509e-08
-7.13861e-08 -1.51199e-08 -2.38576e-10  2.83385e-09 -2.85779e-08  1.65732e-08  5.91455e-05 -1.76476e-05  -5.5541e-07  3.08558e-05 -0.000735593    -0.013963 -6.24676e-07  2.10096e-06  3.09342e-21  2.00881e-18  5.83144e-08 -1.01895e-06 -1.43958e-07 -8.48681e-09 -5.89895e-08 -9.57992e-08 -1.37509e-08   0.00314474
* row and column names
af_m
af_p
alpha_m
alpha_p
auf_m
auf_p
den_m
den_p
hc_l
hc_r
lh_i
lh_w
n_m
n_p
perm_m
perm_p
por_m
por_p
tcd_m
tcd_p
tcs_m
tcs_p
wr_m
wr_p
