    24    24     1
    0.140508 -6.34261e-07  1.20509e-09 -1.37983e-09  4.26304e-08 -2.04765e-07    -0.001893  2.71541e-05 -5.40215e-05 -0.000419559   0.00846928   -0.0131296  4.98626e-06 -1.51835e-06   -5.306e-21  1.52924e-19 -7.27173e-07 -9.13249e-09  1.71562e-06 -5.76848e-09  8.51335e-07  3.88225e-07  6.26123e-08  4.72067e-08
-6.34261e-07     0.141585  9.91352e-10 -1.68165e-09  8.75553e-09 -2.92157e-07 -0.000959094  5.17405e-06 -2.66082e-05 -0.000178046   0.00498609  -0.00323538  5.23291e-06 -2.09844e-06 -5.07508e-21  1.70363e-19 -4.79299e-07  7.94575e-09  3.80609e-07  1.43082e-08 -1.86354e-07  5.83495e-07  6.58251e-08   6.4931e-08
 1.20509e-09  9.91352e-10  2.08115e-07  3.66277e-12 -8.28248e-11  8.85343e-10  1.70601e-06   2.7056e-09  2.89523e-08  5.25852e-07 -6.57293e-05 -1.45735e-05 -1.22601e-07  4.70898e-09  1.20668e-22 -4.09705e-22   8.9239e-09   3.1782e-09 -5.60713e-09 -1.42426e-10 -3.26778e-09 -2.16505e-09 -2.26771e-09 -2.98804e-10
-1.37983e-09 -1.68165e-09  3.66277e-12  6.24997e-06  3.23528e-11 -1.30117e-09 -3.74221e-06  1.61319e-08 -6.27932e-08 -7.83613e-07  2.00231e-05 -0.000153066  1.14004e-08 -3.63194e-08  2.14768e-23  9.33857e-22 -2.17951e-09  4.92967e-09  1.83973e-09  1.08989e-10 -6.04169e-10  2.09351e-09  2.61417e-10  1.28633e-09
 4.26304e-08  8.75553e-09 -8.28248e-11  3.23528e-11    0.0305274  1.03709e-08  5.65204e-05  -2.8907e-06  1.50863e-06  1.84423e-05 -0.000466019 -0.000506241 -3.14715e-07  5.11924e-08  1.71823e-22 -3.54355e-21  3.73391e-08 -7.80499e-09 -7.34401e-08 -1.28489e-09 -4.26129e-08 -2.20039e-08 -8.39052e-09 -4.81128e-09
-2.04765e-07 -2.92157e-07  8.85343e-10 -1.30117e-09  1.03709e-08    0.0148189 -0.000759919  4.49064e-07 -1.39106e-05 -0.000210031   0.00429926   -0.0224832  4.17444e-06 -1.43665e-06  4.15849e-21  7.54308e-20 -5.21893e-07 -3.37647e-08  4.09775e-07  2.44002e-08 -6.24994e-08   4.3746e-07  8.24225e-08  3.98129e-08
   -0.001893 -0.000959094  1.70601e-06 -3.74221e-06  5.65204e-05 -0.000759919       225619  -0.00138738    -0.111043     -1.56072      9.69878     -78.2886    0.0049685  -0.00397234  9.64935e-18  1.46898e-16  -0.00151266 -0.000172365   0.00331055  5.88617e-05    0.0010384   0.00117382  3.81595e-05  8.05263e-05
 2.71541e-05  5.17405e-06   2.7056e-09  1.61319e-08  -2.8907e-06  4.49064e-07  -0.00138738        50625  0.000435028  -0.00671575   -0.0601438     0.214375 -4.54837e-05  1.10794e-05  1.93119e-19 -2.72775e-18 -5.45751e-06 -2.95924e-06  4.98933e-06  6.61022e-07   5.3755e-06 -2.43159e-06  5.50837e-07 -9.30144e-07
-5.40215e-05 -2.66082e-05  2.89523e-08 -6.27932e-08  1.50863e-06 -1.39106e-05    -0.111043  0.000435028      360.996   -0.0342088     0.144462     0.840724  0.000103518 -9.18577e-05 -2.00481e-19   4.0842e-18 -2.47181e-05    2.537e-06  6.75267e-05  3.80759e-07  2.24007e-05  2.72136e-05 -6.02423e-07   3.7057e-06
-0.000419559 -0.000178046  5.25852e-07 -7.83613e-07  1.84423e-05 -0.000210031     -1.56072  -0.00671575   -0.0342088      24024.3       2.9565      16.7875   0.00121311  -0.00132826  2.60362e-18  6.42168e-18 -0.000517518  5.01307e-05   0.00130174  2.86184e-05  0.000663508  0.000394481  1.95176e-05   5.9367e-05
  0.00846928   0.00498609 -6.57293e-05  2.00231e-05 -0.000466019   0.00429926      9.69878   -0.0601438     0.144462       2.9565  2.25554e+06     -134.091    -0.293979    0.0247559 -6.96917e-17 -1.97224e-15    0.0167284  -0.00041474   -0.0306276 -0.000777363   -0.0163565   -0.0109332  -0.00744329  -0.00160744
  -0.0131296  -0.00323538 -1.45735e-05 -0.000153066 -0.000506241   -0.0224832     -78.2886     0.214375     0.840724      16.7875     -134.091  6.97223e+09    -0.215585    0.0896175  2.63245e-15  2.37673e-15  -0.00906566   -0.0644971   -0.0287635  -0.00100365   -0.0556066   -0.0184455  -0.00161136   -0.0204165
 4.98626e-06  5.23291e-06 -1.22601e-07  1.14004e-08 -3.14715e-07  4.17444e-06    0.0049685 -4.54837e-05  0.000103518   0.00121311    -0.293979    -0.215585      0.26187  1.64905e-05  2.88732e-19 -2.21561e-18   3.5435e-05  2.81593e-05 -1.74391e-05 -6.15486e-07 -8.45792e-06 -1.03671e-05 -8.23754e-06 -1.31919e-06
-1.51835e-06 -2.09844e-06  4.70898e-09 -3.63194e-08  5.11924e-08 -1.43665e-06  -0.00397234  1.10794e-05 -9.18577e-05  -0.00132826    0.0247559    0.0896175  1.64905e-05     0.262608 -2.47686e-20  1.05123e-18 -2.89034e-06  6.97988e-06  2.58146e-06  1.49469e-07 -2.67705e-07  2.85359e-06  3.32415e-07  1.89548e-06
  -5.306e-21 -5.07508e-21  1.20668e-22  2.14768e-23  1.71823e-22  4.15849e-21  9.64935e-18  1.93119e-19 -2.00481e-19  2.60362e-18 -6.96917e-17  2.63245e-15  2.88732e-19 -2.47686e-20  6.24996e-28  1.03206e-33 -3.88789e-20  2.28867e-20  -8.6526e-21  -7.6679e-22 -1.30109e-21 -1.69585e-21  8.58736e-21  2.16134e-21
 1.52924e-19  1.70363e-19 -4.09705e-22  9.33857e-22 -3.54355e-21  7.54308e-20  1.46898e-16 -2.72775e-18   4.0842e-18  6.42168e-18 -1.97224e-15  2.37673e-15 -2.21561e-18  1.05123e-18  1.03206e-33  1.78665e-22   1.5384e-19 -5.34504e-20 -7.44301e-20 -5.10278e-21  3.35221e-20 -1.48828e-19 -2.99207e-20 -3.91417e-20
-7.27173e-07 -4.79299e-07   8.9239e-09 -2.17951e-09  3.73391e-08 -5.21893e-07  -0.00151266 -5.45751e-06 -2.47181e-05 -0.000517518    0.0167284  -0.00906566   3.5435e-05 -2.89034e-06 -3.88789e-20   1.5384e-19    0.0144553 -4.03232e-08  2.02637e-06  5.86414e-08  7.17458e-07  8.60938e-07  2.66018e-07  1.14041e-07
-9.13249e-09  7.94575e-09   3.1782e-09  4.92967e-09 -7.80499e-09 -3.37647e-08 -0.000172365 -2.95924e-06    2.537e-06  5.01307e-05  -0.00041474   -0.0644971  2.81593e-05  6.97988e-06  2.28867e-20 -5.34504e-20 -4.03232e-08    0.0253841 -7.84181e-08 -3.32179e-09 -1.55255e-07 -7.35391e-08 -4.10561e-07 -8.54885e-07
 1.71562e-06  3.80609e-07 -5.60713e-09  1.83973e-09 -7.34401e-08  4.09775e-07   0.00331055  4.98933e-06  6.75267e-05   0.00130174   -0.0306276   -0.0287635 -1.74391e-05  2.58146e-06  -8.6526e-21 -7.44301e-20  2.02637e-06 -7.84181e-08    0.0605601 -8.09395e-08 -2.79836e-06 -1.02372e-06 -5.71758e-07 -1.68118e-07
-5.76848e-09  1.43082e-08 -1.42426e-10  1.08989e-10 -1.28489e-09  2.44002e-08  5.88617e-05  6.61022e-07  3.80759e-07  2.86184e-05 -0.000777363  -0.00100365 -6.15486e-07  1.49469e-07  -7.6679e-22 -5.10278e-21  5.86414e-08 -3.32179e-09 -8.09395e-08  0.000637853 -3.03519e-08  -5.1011e-08 -1.59198e-08 -8.41177e-09
 8.51335e-07 -1.86354e-07 -3.26778e-09 -6.04169e-10 -4.26129e-08 -6.24994e-08    0.0010384   5.3755e-06  2.24007e-05  0.000663508   -0.0163565   -0.0556066 -8.45792e-06 -2.67705e-07 -1.30109e-21  3.35221e-20  7.17458e-07 -1.55255e-07 -2.79836e-06 -3.03519e-08    0.0566533 -1.22141e-07 -3.32121e-07 -6.02571e-08
 3.88225e-07  5.83495e-07 -2.16505e-09  2.09351e-09 -2.20039e-08   4.3746e-07   0.00117382 -2.43159e-06  2.72136e-05  0.000394481   -0.0109332   -0.0184455 -1.03671e-05  2.85359e-06 -1.69585e-21 -1.48828e-19  8.60938e-07 -7.35391e-08 -1.02372e-06  -5.1011e-08 -1.22141e-07    0.0120758 -2.08983e-07 -1.37199e-07
 6.26123e-08  6.58251e-08 -2.26771e-09  2.61417e-10 -8.39052e-09  8.24225e-08  3.81595e-05  5.50837e-07 -6.02423e-07  1.95176e-05  -0.00744329  -0.00161136 -8.23754e-06  3.32415e-07  8.58736e-21 -2.99207e-20  2.66018e-07 -4.10561e-07 -5.71758e-07 -1.59198e-08 -3.32121e-07 -2.08983e-07   0.00158931 -2.62805e-08
 4.72067e-08   6.4931e-08 -2.98804e-10  1.28633e-09 -4.81128e-09  3.98129e-08  8.05263e-05 -9.30144e-07   3.7057e-06   5.9367e-05  -0.00160744   -0.0204165 -1.31919e-06  1.89548e-06  2.16134e-21 -3.91417e-20  1.14041e-07 -8.54885e-07 -1.68118e-07 -8.41177e-09 -6.02571e-08 -1.37199e-07 -2.62805e-08    0.0031448
* row and column names
af_m
af_p
alpha_m
alpha_p
auf_m
auf_p
den_m
den_p
hc_l
hc_r
lh_i
lh_w
n_m
n_p
perm_m
perm_p
por_m
por_p
tcd_m
tcd_p
tcs_m
tcs_p
wr_m
wr_p
