    24    24     1
    0.140508 -3.23795e-07  1.87894e-09  6.76999e-10  4.01593e-08  -1.3767e-07  -0.00149678 -1.32435e-05  -3.1078e-05 -0.000332217    0.0100138   -0.0588783   4.6766e-06 -7.34498e-07 -3.73281e-20 -1.34353e-17 -7.04929e-07  -2.0507e-07  1.38091e-06  1.14423e-08  7.49021e-07  7.93089e-08  8.14596e-08 -1.47805e-08
-3.23795e-07     0.141585  7.15017e-10 -1.74179e-10  4.44057e-09 -1.30637e-07 -0.000352036 -5.17654e-06 -7.91419e-06 -6.78183e-05     0.003036   -0.0136683  2.32483e-06 -3.33374e-07 -8.35687e-21 -3.14736e-18 -2.39258e-07 -3.66688e-08  1.69632e-07  1.07548e-08 -1.02161e-07  1.71162e-07  4.51268e-08  2.06876e-08
 1.87894e-09  7.15017e-10    2.081e-07  1.11885e-12 -2.27384e-10  1.18966e-09   1.8677e-06  2.99193e-08  4.55881e-08  1.14781e-07 -9.64919e-05 -6.21848e-05 -1.38375e-07  1.60464e-09  1.44524e-22 -1.03919e-20  1.14324e-08   2.7349e-09 -6.06569e-09 -1.37484e-10 -3.55557e-09 -2.60366e-09 -3.14605e-09 -4.38622e-10
 6.76999e-10 -1.74179e-10  1.11885e-12  6.24997e-06 -1.15627e-09 -5.12174e-10 -3.58926e-06 -9.24699e-10 -4.75209e-08 -5.13772e-07  2.09112e-06  2.00124e-05  -2.4973e-09 -7.69855e-09  2.03435e-23  9.27303e-21 -5.01685e-10  2.26855e-09  9.18453e-10  5.27348e-12   -3.736e-10  6.92928e-10  1.02394e-10  6.38764e-10
 4.01593e-08  4.44057e-09 -2.27384e-10 -1.15627e-09    0.0305273 -1.54133e-09 -4.19643e-05  2.40902e-07  -2.1493e-06 -1.43847e-05  -0.00127977  -0.00239406 -6.41815e-07 -2.61971e-07 -4.24709e-22  -9.5079e-20  4.28711e-08 -6.31058e-08 -4.84185e-08 -5.57425e-09 -7.99781e-08 -4.29931e-08 -2.19899e-08 -7.39271e-09
 -1.3767e-07 -1.30637e-07  1.18966e-09 -5.12174e-10 -1.54133e-09    0.0148188 -0.000711621 -2.39798e-06 -2.03403e-05 -0.000228554    0.0063741    0.0176882  3.98369e-06 -4.88165e-07  7.14396e-21  2.35376e-18 -5.80766e-07  6.13032e-08  5.05739e-07  2.64046e-08  1.04891e-08  4.79665e-07  1.01841e-07  9.11791e-08
 -0.00149678 -0.000352036   1.8677e-06 -3.58926e-06 -4.19643e-05 -0.000711621       225619    -0.028102    -0.121529     -1.61444      12.2286      26.1594   0.00412671  -0.00132279  2.93138e-18  1.75735e-15  -0.00128807  0.000169348   0.00307643  6.63993e-05   0.00122461   0.00113503  5.66096e-05  0.000176814
-1.32435e-05 -5.17654e-06  2.99193e-08 -9.24699e-10  2.40902e-07 -2.39798e-06    -0.028102        50625 -0.000942241  -0.00856988    0.0782908    -0.475782  9.69147e-05 -8.08048e-06  -2.2717e-19 -1.00021e-16 -1.10165e-05 -3.34414e-06  6.60209e-06  4.14891e-07 -3.90537e-07  2.83903e-06  5.31565e-07  1.12752e-07
 -3.1078e-05 -7.91419e-06  4.55881e-08 -4.75209e-08  -2.1493e-06 -2.03403e-05    -0.121529 -0.000942241      360.996     -0.04121     0.331257       1.7334  0.000144263 -2.64224e-05  6.02984e-19  2.01331e-16 -3.69518e-05 -9.13053e-07  7.70407e-05  1.35205e-06  3.58345e-05  2.79971e-05  1.66859e-06  4.34237e-06
-0.000332217 -6.78183e-05  1.14781e-07 -5.13772e-07 -1.43847e-05 -0.000228554     -1.61444  -0.00856988     -0.04121      24024.4      2.22116      22.6979  0.000342792 -0.000331977  7.57463e-18  3.02055e-15 -0.000326389  3.04373e-06    0.0010149  1.64953e-05  0.000556143  0.000339451 -2.51897e-05  6.41894e-05
   0.0100138     0.003036 -9.64919e-05  2.09112e-06  -0.00127977    0.0063741      12.2286    0.0782908     0.331257      2.22116  2.25537e+06      -841.08    -0.303008   0.00666416 -3.02503e-16 -1.25394e-13    0.0248716  -0.00300149   -0.0340857 -0.000700304   -0.0202135   -0.0135748  -0.00918833  -0.00261453
  -0.0588783   -0.0136683 -6.21848e-05  2.00124e-05  -0.00239406    0.0176882      26.1594    -0.475782       1.7334      22.6979      -841.08  6.97223e+09    -0.218667   -0.0880919 -7.11347e-15   -3.024e-12    0.0330665   -0.0350235   -0.0835266  -0.00129761   -0.0666846   -0.0522562   -0.0099614   -0.0171861
  4.6766e-06  2.32483e-06 -1.38375e-07  -2.4973e-09 -6.41815e-07  3.98369e-06   0.00412671  9.69147e-05  0.000144263  0.000342792    -0.303008    -0.218667     0.262081  4.79839e-06   2.4359e-19 -3.31697e-17  3.66215e-05  2.06604e-05 -1.34016e-05 -4.02882e-07 -6.71476e-06 -7.76859e-06 -8.55318e-06 -1.23447e-06
-7.34498e-07 -3.33374e-07  1.60464e-09 -7.69855e-09 -2.61971e-07 -4.88165e-07  -0.00132279 -8.08048e-06 -2.64224e-05 -0.000331977   0.00666416   -0.0880919  4.79839e-06     0.262649 -3.55531e-20 -1.59588e-17 -8.92685e-07  1.69287e-06  4.42507e-07  2.39087e-08 -6.18755e-07  4.90262e-07  8.48177e-08  5.93768e-07
-3.73281e-20 -8.35687e-21  1.44524e-22  2.03435e-23 -4.24709e-22  7.14396e-21  2.93138e-18  -2.2717e-19  6.02984e-19  7.57463e-18 -3.02503e-16 -7.11347e-15   2.4359e-19 -3.55531e-20  6.24994e-28 -1.18974e-30 -2.79578e-20  1.17155e-20 -3.31962e-20 -7.16281e-22 -3.26678e-20 -2.21337e-20  9.57805e-21 -7.21889e-21
-1.34353e-17 -3.14736e-18 -1.03919e-20  9.27303e-21  -9.5079e-20  2.35376e-18  1.75735e-15 -1.00021e-16  2.01331e-16  3.02055e-15 -1.25394e-13   -3.024e-12 -3.31697e-17 -1.59588e-17 -1.18974e-30  1.78664e-22  4.24591e-18 -6.50618e-18 -1.18202e-17 -1.82819e-19  -1.1606e-17 -8.07896e-18 -1.91329e-18 -2.72241e-18
-7.04929e-07 -2.39258e-07  1.14324e-08 -5.01685e-10  4.28711e-08 -5.80766e-07  -0.00128807 -1.10165e-05 -3.69518e-05 -0.000326389    0.0248716    0.0330665  3.66215e-05 -8.92685e-07 -2.79578e-20  4.24591e-18    0.0144553  2.13452e-08  2.07131e-06  5.24653e-08  7.88144e-07  8.80745e-07  3.78123e-07  1.80061e-07
 -2.0507e-07 -3.66688e-08   2.7349e-09  2.26855e-09 -6.31058e-08  6.13032e-08  0.000169348 -3.34414e-06 -9.13053e-07  3.04373e-06  -0.00300149   -0.0350235  2.06604e-05  1.69287e-06  1.17155e-20 -6.50618e-18  2.13452e-08     0.025384 -2.38486e-07 -1.33752e-08 -1.87974e-07 -2.22512e-07 -5.22997e-07 -8.63221e-07
 1.38091e-06  1.69632e-07 -6.06569e-09  9.18453e-10 -4.84185e-08  5.05739e-07   0.00307643  6.60209e-06  7.70407e-05    0.0010149   -0.0340857   -0.0835266 -1.34016e-05  4.42507e-07 -3.31962e-20 -1.18202e-17  2.07131e-06 -2.38486e-07     0.060561  -4.9024e-08 -2.83528e-06 -1.06995e-06 -5.33545e-07 -2.14214e-07
 1.14423e-08  1.07548e-08 -1.37484e-10  5.27348e-12 -5.57425e-09  2.64046e-08  6.63993e-05  4.14891e-07  1.35205e-06  1.64953e-05 -0.000700304  -0.00129761 -4.02882e-07  2.39087e-08 -7.16281e-22 -1.82819e-19  5.24653e-08 -1.33752e-08  -4.9024e-08  0.000637855  -7.0143e-09  -5.0102e-08 -1.28736e-08 -8.45329e-09
 7.49021e-07 -1.02161e-07 -3.55557e-09   -3.736e-10 -7.99781e-08  1.04891e-08   0.00122461 -3.90537e-07  3.58345e-05  0.000556143   -0.0202135   -0.0666846 -6.71476e-06 -6.18755e-07 -3.26678e-20  -1.1606e-17  7.88144e-07 -1.87974e-07 -2.83528e-06  -7.0143e-09    0.0566531 -2.63785e-07 -3.12573e-07 -6.73467e-08
 7.93089e-08  1.71162e-07 -2.60366e-09  6.92928e-10 -4.29931e-08  4.79665e-07   0.00113503  2.83903e-06  2.79971e-05  0.000339451   -0.0135748   -0.0522562 -7.76859e-06  4.90262e-07 -2.21337e-20 -8.07896e-18  8.80745e-07 -2.22512e-07 -1.06995e-06  -5.0102e-08 -2.63785e-07    0.0120758 -2.39735e-07 -1.79264e-07
 8.14596e-08  4.51268e-08 -3.14605e-09  1.02394e-10 -2.19899e-08  1.01841e-07  5.66096e-05  5.31565e-07  1.66859e-06 -2.51897e-05  -0.00918833   -0.0099614 -8.55318e-06  8.48177e-08  9.57805e-21 -1.91329e-18  3.78123e-07 -5.22997e-07 -5.33545e-07 -1.28736e-08 -3.12573e-07 -2.39735e-07   0.00158927  -4.0363e-08
-1.47805e-08  2.06876e-08 -4.38622e-10  6.38764e-10 -7.39271e-09  9.11791e-08  0.000176814  1.12752e-07  4.34237e-06  6.41894e-05  -0.00261453   -0.0171861 -1.23447e-06  5.93768e-07 -7.21889e-21 -2.72241e-18  1.80061e-07 -8.63221e-07 -2.14214e-07 -8.45329e-09 -6.73467e-08 -1.79264e-07  -4.0363e-08   0.00314478
* row and column names
af_m
af_p
alpha_m
alpha_p
auf_m
auf_p
den_m
den_p
hc_l
hc_r
lh_i
lh_w
n_m
n_p
perm_m
perm_p
por_m
por_p
tcd_m
tcd_p
tcs_m
tcs_p
wr_m
wr_p
