    24    24     1
    0.140507 -7.65252e-07 -3.82971e-10 -8.73004e-10  1.01422e-08 -1.63724e-07  -0.00118908  -0.00041166 -1.81905e-05 -0.000277696   0.00400565    -0.129792 -1.34814e-06 -1.30181e-06 -1.06262e-20  5.56204e-17 -8.72021e-08 -3.42669e-07  4.37195e-07 -3.94553e-08  5.81005e-09  -3.0387e-07 -5.55666e-08 -7.00183e-08
-7.65252e-07     0.141585  8.84012e-10  -1.9546e-09 -6.16847e-09 -2.61609e-07  -0.00107967 -2.16158e-05 -2.62993e-05 -0.000246243   0.00452205  -0.00286637  4.32165e-06 -2.16786e-06 -7.13613e-22  1.17983e-17 -3.73535e-07 -1.63728e-08  3.51092e-07  2.04088e-08 -2.61373e-07  4.91513e-07  4.71146e-08  4.99998e-08
-3.82971e-10  8.84012e-10  2.08124e-07  2.13717e-12  4.92434e-12  5.52971e-10  1.94264e-06 -3.77731e-07  6.54167e-08  3.52311e-07 -4.81612e-05  -0.00012682 -9.55492e-08  2.48631e-09  1.37533e-23  1.27546e-20  6.86694e-09  3.22569e-09  -4.1704e-09 -1.04154e-10 -2.43791e-09 -1.86678e-09  -1.0851e-09 -2.04541e-10
-8.73004e-10  -1.9546e-09  2.13717e-12  6.24993e-06  9.28506e-11 -6.11611e-10 -2.55958e-06  9.00397e-07 -7.73237e-08 -1.97665e-07  1.05244e-05  0.000411793  8.04613e-09 -5.08003e-08 -2.42292e-23   1.2737e-20 -4.04921e-10  8.33334e-09  8.16505e-10  1.46407e-10 -1.54382e-09  2.24509e-09  2.08509e-11  2.03623e-09
 1.01422e-08 -6.16847e-09  4.92434e-12  9.28506e-11    0.0305274    2.325e-10  2.98984e-05 -6.56096e-07  4.86368e-07  1.30969e-05 -6.67287e-05  -0.00387372   1.3828e-07 -4.70956e-08  2.01842e-22  1.15875e-18  1.74696e-08  -6.8933e-09 -5.61639e-08  2.93164e-10 -4.35941e-08  6.06414e-09 -6.20073e-10  1.35092e-09
-1.63724e-07 -2.61609e-07  5.52971e-10 -6.11611e-10    2.325e-10    0.0148189 -0.000568242 -4.49198e-05 -1.47892e-05 -0.000201968   0.00274734   -0.0157259  2.97736e-06 -1.06636e-06  8.66052e-22 -6.39518e-19 -3.29235e-07 -4.16915e-08  2.60865e-07  8.77907e-09 -1.33698e-08  2.98133e-07  4.23559e-08   2.0575e-08
 -0.00118908  -0.00107967  1.94264e-06 -2.55958e-06  2.98984e-05 -0.000568242       225619    0.0868815    -0.150629     -1.83614      9.01787      33.8181   0.00644941  -0.00437914  2.81593e-18 -1.85881e-15  -0.00150449  6.86883e-05   0.00342192  5.98232e-05   0.00137175    0.0012295  1.01732e-05  0.000127667
 -0.00041166 -2.16158e-05 -3.77731e-07  9.00397e-07 -6.56096e-07 -4.49198e-05    0.0868815      50624.8   0.00497251   -0.0576566    -0.541596      -70.623 -0.000708046 -4.86151e-05  2.74845e-19  1.63193e-15  3.92942e-05  -0.00018237 -0.000122985 -2.14058e-05   2.8468e-05 -0.000170388  -1.5363e-05 -4.54836e-05
-1.81905e-05 -2.62993e-05  6.54167e-08 -7.73237e-08  4.86368e-07 -1.47892e-05    -0.150629   0.00497251      360.996   -0.0449005     0.278224      1.79214  0.000230959  -0.00010142  1.57775e-19 -1.52652e-16 -4.00659e-05  3.01305e-06  8.62332e-05  1.96188e-06  3.63826e-05  3.64581e-05  1.67514e-06  4.05861e-06
-0.000277696 -0.000246243  3.52311e-07 -1.97665e-07  1.30969e-05 -0.000201968     -1.83614   -0.0576566   -0.0449005      24024.3      1.76129     -23.8922   0.00117984  -0.00125352  1.56039e-18  -6.1635e-15 -0.000493585  -7.3309e-05   0.00120293  8.44779e-06  0.000727296  0.000317256 -9.51523e-06  1.58308e-05
  0.00400565   0.00452205 -4.81612e-05  1.05244e-05 -6.67287e-05   0.00274734      9.01787    -0.541596     0.278224      1.76129  2.25568e+06     -222.467    -0.186196    0.0132297 -2.02973e-17  2.30047e-14    0.0128033 -0.000453129   -0.0186656 -0.000351329   -0.0106711  -0.00726299  -0.00426841 -0.000738878
   -0.129792  -0.00286637  -0.00012682  0.000411793  -0.00387372   -0.0157259      33.8181      -70.623      1.79214     -23.8922     -222.467  6.97222e+09     -0.22892  -0.00480218 -5.27499e-18  5.31256e-13    0.0107732   -0.0687063   -0.0442703  -0.00778195    0.0126658   -0.0615763   -0.0043268   -0.0171912
-1.34814e-06  4.32165e-06 -9.55492e-08  8.04613e-09   1.3828e-07  2.97736e-06   0.00644941 -0.000708046  0.000230959   0.00117984    -0.186196     -0.22892     0.262001  6.91783e-06 -5.86413e-20  4.23558e-17  2.99427e-05  3.21314e-05 -1.20645e-05 -3.65258e-07 -6.09188e-06 -7.72696e-06 -3.17745e-06 -6.69254e-07
-1.30181e-06 -2.16786e-06  2.48631e-09 -5.08003e-08 -4.70956e-08 -1.06636e-06  -0.00437914 -4.86151e-05  -0.00010142  -0.00125352    0.0132297  -0.00480218  6.91783e-06     0.262594  3.35152e-21  1.57016e-17  -1.6456e-06  8.69119e-06  1.61719e-06  8.52202e-08 -5.87445e-07  1.90328e-06  9.17216e-08  2.02953e-06
-1.06262e-20 -7.13613e-22  1.37533e-23 -2.42292e-23  2.01842e-22  8.66052e-22  2.81593e-18  2.74845e-19  1.57775e-19  1.56039e-18 -2.02973e-17 -5.27499e-18 -5.86413e-20  3.35152e-21  6.24999e-28 -4.14163e-33  -6.9076e-22  1.16184e-20 -2.21315e-21 -1.55529e-22 -1.46251e-21 -3.54731e-21  1.82333e-21 -6.97835e-22
 5.56204e-17  1.17983e-17  1.27546e-20   1.2737e-20  1.15875e-18 -6.39518e-19 -1.85881e-15  1.63193e-15 -1.52652e-16  -6.1635e-15  2.30047e-14  5.31256e-13  4.23558e-17  1.57016e-17 -4.14163e-33  1.78663e-22 -8.78211e-18  2.64123e-19  1.81655e-17  1.49401e-19  3.22543e-17  2.99924e-18  1.79949e-18 -1.07258e-19
-8.72021e-08 -3.73535e-07  6.86694e-09 -4.04921e-10  1.74696e-08 -3.29235e-07  -0.00150449  3.92942e-05 -4.00659e-05 -0.000493585    0.0128033    0.0107732  2.99427e-05  -1.6456e-06  -6.9076e-22 -8.78211e-18    0.0144549 -7.40805e-08  1.77897e-06  3.15418e-08  7.88203e-07  6.91787e-07 -1.40264e-07   6.1205e-08
-3.42669e-07 -1.63728e-08  3.22569e-09  8.33334e-09  -6.8933e-09 -4.16915e-08  6.86883e-05  -0.00018237  3.01305e-06  -7.3309e-05 -0.000453129   -0.0687063  3.21314e-05  8.69119e-06  1.16184e-20  2.64123e-19 -7.40805e-08    0.0253819 -5.89439e-08 -2.02092e-08  8.70636e-08 -1.78094e-07 -7.05328e-07 -1.01424e-06
 4.37195e-07  3.51092e-07  -4.1704e-09  8.16505e-10 -5.61639e-08  2.60865e-07   0.00342192 -0.000122985  8.62332e-05   0.00120293   -0.0186656   -0.0442703 -1.20645e-05  1.61719e-06 -2.21315e-21  1.81655e-17  1.77897e-06 -5.89439e-08    0.0605615 -3.98842e-08 -2.31783e-06 -7.80573e-07  -2.9357e-07 -8.05183e-08
-3.94553e-08  2.04088e-08 -1.04154e-10  1.46407e-10  2.93164e-10  8.77907e-09  5.98232e-05 -2.14058e-05  1.96188e-06  8.44779e-06 -0.000351329  -0.00778195 -3.65258e-07  8.52202e-08 -1.55529e-22  1.49401e-19  3.15418e-08 -2.02092e-08 -3.98842e-08  0.000637854  3.83777e-09 -4.95139e-08 -6.54732e-09 -8.01909e-09
 5.81005e-09 -2.61373e-07 -2.43791e-09 -1.54382e-09 -4.35941e-08 -1.33698e-08   0.00137175   2.8468e-05  3.63826e-05  0.000727296   -0.0106711    0.0126658 -6.09188e-06 -5.87445e-07 -1.46251e-21  3.22543e-17  7.88203e-07  8.70636e-08 -2.31783e-06  3.83777e-09    0.0566533  1.37498e-08 -1.82551e-07  2.22666e-08
 -3.0387e-07  4.91513e-07 -1.86678e-09  2.24509e-09  6.06414e-09  2.98133e-07    0.0012295 -0.000170388  3.64581e-05  0.000317256  -0.00726299   -0.0615763 -7.72696e-06  1.90328e-06 -3.54731e-21  2.99924e-18  6.91787e-07 -1.78094e-07 -7.80573e-07 -4.95139e-08  1.37498e-08    0.0120758 -1.31227e-07 -1.07114e-07
-5.55666e-08  4.71146e-08  -1.0851e-09  2.08509e-11 -6.20073e-10  4.23559e-08  1.01732e-05  -1.5363e-05  1.67514e-06 -9.51523e-06  -0.00426841   -0.0043268 -3.17745e-06  9.17216e-08  1.82333e-21  1.79949e-18 -1.40264e-07 -7.05328e-07  -2.9357e-07 -6.54732e-09 -1.82551e-07 -1.31227e-07   0.00158944 -1.00374e-08
-7.00183e-08  4.99998e-08 -2.04541e-10  2.03623e-09  1.35092e-09   2.0575e-08  0.000127667 -4.54836e-05  4.05861e-06  1.58308e-05 -0.000738878   -0.0171912 -6.69254e-07  2.02953e-06 -6.97835e-22 -1.07258e-19   6.1205e-08 -1.01424e-06 -8.05183e-08 -8.01909e-09  2.22666e-08 -1.07114e-07 -1.00374e-08   0.00314475
* row and column names
af_m
af_p
alpha_m
alpha_p
auf_m
auf_p
den_m
den_p
hc_l
hc_r
lh_i
lh_w
n_m
n_p
perm_m
perm_p
por_m
por_p
tcd_m
tcd_p
tcs_m
tcs_p
wr_m
wr_p
