    24    24     1
    0.140507 -1.11162e-06  2.88556e-09 -1.81218e-09  5.45352e-08 -4.73252e-07  -0.00215697 -3.24596e-06 -4.64691e-05 -0.000439049    0.0153706    0.0608754  1.04321e-05 -1.82841e-06    2.821e-20   1.5456e-18 -1.17401e-06  1.30397e-08  1.89386e-06  6.51736e-09  1.23011e-06   5.0636e-07   1.5529e-07  4.40369e-08
-1.11162e-06     0.141585  1.81752e-09 -1.40328e-09 -2.01528e-09 -3.40915e-07 -0.000769016 -3.44933e-06 -1.62691e-05 -0.000111569   0.00737941    0.0190917  7.07422e-06 -1.27286e-06  1.92558e-20  1.02732e-18 -5.84944e-07 -8.37794e-08  2.82969e-07   1.8966e-08 -9.91623e-08   4.9892e-07   1.1113e-07   5.9232e-08
 2.88556e-09  1.81752e-09  2.08097e-07  3.47663e-12 -1.34131e-10  1.26414e-09  1.66449e-06  1.12489e-08  7.13609e-08  1.97439e-07 -9.35288e-05 -2.60795e-05 -1.43138e-07  4.46883e-09  3.20387e-22 -1.17949e-21   1.2686e-08  4.38716e-09 -6.18416e-09 -1.66399e-10 -4.25286e-09 -2.89083e-09 -3.24839e-09 -3.62884e-10
-1.81218e-09 -1.40328e-09  3.47663e-12  6.24998e-06 -5.69318e-12 -1.17583e-09 -3.58958e-06 -7.43324e-09 -1.18089e-07  -1.0799e-06   1.2806e-05 -4.11038e-06  1.21733e-08  -2.3374e-08   4.2468e-23 -5.93413e-21 -1.81551e-09  2.92274e-09  1.04927e-09  8.11668e-12 -1.74765e-10  1.40837e-09  1.22823e-10  1.01216e-09
 5.45352e-08 -2.01528e-09 -1.34131e-10 -5.69318e-12    0.0305274  4.79409e-09  4.94437e-05  7.92835e-08  1.09052e-06  1.72993e-05 -0.000749455   -0.0035453 -3.08883e-07  3.26001e-08  1.66157e-21 -1.10433e-19  5.76469e-08 -1.81034e-08 -1.01479e-07 -3.60641e-09  -7.6077e-08 -2.74746e-08 -1.07194e-08 -4.01674e-09
-4.73252e-07 -3.40915e-07  1.26414e-09 -1.17583e-09  4.79409e-09    0.0148187 -0.000828446  -2.8646e-06 -2.28576e-05 -0.000252266   0.00522137 -0.000806548  5.21959e-06 -1.66795e-06  1.32236e-21 -9.92479e-20 -7.12338e-07  -1.4891e-08  4.58499e-07  1.38926e-08 -4.33865e-08  5.25655e-07  9.76994e-08  4.99916e-08
 -0.00215697 -0.000769016  1.66449e-06 -3.58958e-06  4.94437e-05 -0.000828446       225620   -0.0101704    -0.132909     -1.68247      9.03769     -1.69929   0.00522116  -0.00385371   -1.794e-18  -9.8939e-16  -0.00144804  1.86698e-05   0.00315578  4.76632e-05   0.00134326   0.00123252  3.33062e-06  0.000157813
-3.24596e-06 -3.44933e-06  1.12489e-08 -7.43324e-09  7.92835e-08  -2.8646e-06   -0.0101704        50625 -0.000312921  -0.00291924    0.0381888     0.040127  4.00201e-05 -1.12105e-05 -3.44631e-21   1.1283e-18 -3.18128e-06  -1.0323e-07  2.42791e-06  2.33684e-07  9.34869e-07  4.97279e-06  6.55179e-07  6.02005e-07
-4.64691e-05 -1.62691e-05  7.13609e-08 -1.18089e-07  1.09052e-06 -2.28576e-05    -0.132909 -0.000312921      360.996   -0.0428089     0.331507    -0.564507  0.000200797 -0.000109456 -3.78356e-19 -5.18905e-17 -4.33745e-05 -6.97347e-08  8.40704e-05   1.4231e-06  4.02457e-05  3.59729e-05  3.32397e-06  4.96337e-06
-0.000439049 -0.000111569  1.97439e-07  -1.0799e-06  1.72993e-05 -0.000252266     -1.68247  -0.00291924   -0.0428089      24024.4      1.30097      -9.9769  4.64752e-05  -0.00126557 -6.03184e-18 -5.46522e-16 -0.000440203 -5.92352e-06   0.00110856  1.43556e-05  0.000609365  0.000383245  -2.4084e-05  5.15539e-05
   0.0153706   0.00737941 -9.35288e-05   1.2806e-05 -0.000749455   0.00522137      9.03769    0.0381888     0.331507      1.30097  2.25544e+06     -261.446    -0.313932    0.0221276  3.06679e-16 -5.54782e-15     0.019331  0.000165584   -0.0312413 -0.000753389   -0.0196816   -0.0125728  -0.00896147  -0.00161096
   0.0608754    0.0190917 -2.60795e-05 -4.11038e-06   -0.0035453 -0.000806548     -1.69929     0.040127    -0.564507      -9.9769     -261.446  6.97224e+09    -0.206792    0.0110947 -1.30118e-15 -1.39918e-13 -0.000439327  -0.00070951  -0.00338053  -0.00143664  -0.00752727  -0.00538199   0.00142477  -0.00110467
 1.04321e-05  7.07422e-06 -1.43138e-07  1.21733e-08 -3.08883e-07  5.21959e-06   0.00522116  4.00201e-05  0.000200797  4.64752e-05    -0.313932    -0.206792     0.261987  1.43036e-05  2.09102e-19 -2.80354e-18  3.72326e-05  2.94226e-05 -1.47564e-05 -4.62758e-07 -8.24162e-06 -9.69667e-06 -8.46915e-06 -9.19121e-07
-1.82841e-06 -1.27286e-06  4.46883e-09  -2.3374e-08  3.26001e-08 -1.66795e-06  -0.00385371 -1.12105e-05 -0.000109456  -0.00126557    0.0221276    0.0110947  1.43036e-05     0.262618  2.30527e-20 -2.71904e-18 -2.88252e-06  5.85702e-06   1.9515e-06  6.57076e-08 -2.65514e-07  2.33875e-06  3.17741e-07  1.56927e-06
   2.821e-20  1.92558e-20  3.20387e-22   4.2468e-23  1.66157e-21  1.32236e-21   -1.794e-18 -3.44631e-21 -3.78356e-19 -6.03184e-18  3.06679e-16 -1.30118e-15  2.09102e-19  2.30527e-20  6.24987e-28  3.78746e-32 -8.52141e-20  3.03284e-20  4.91929e-20  8.66747e-22   3.5685e-20  1.04038e-20  2.69731e-20  1.18577e-21
  1.5456e-18  1.02732e-18 -1.17949e-21 -5.93413e-21 -1.10433e-19 -9.92479e-20  -9.8939e-16   1.1283e-18 -5.18905e-17 -5.46522e-16 -5.54782e-15 -1.39918e-13 -2.80354e-18 -2.71904e-18  3.78746e-32  1.78665e-22  2.75121e-20   2.8064e-19    8.384e-20 -1.37064e-20 -6.40293e-20  6.73654e-20 -3.29411e-20  8.32536e-20
-1.17401e-06 -5.84944e-07   1.2686e-08 -1.81551e-09  5.76469e-08 -7.12338e-07  -0.00144804 -3.18128e-06 -4.33745e-05 -0.000440203     0.019331 -0.000439327  3.72326e-05 -2.88252e-06 -8.52141e-20  2.75121e-20    0.0144541 -1.56277e-07  1.89129e-06  4.44349e-08  7.77861e-07  1.03395e-06  4.28875e-07  1.13925e-07
 1.30397e-08 -8.37794e-08  4.38716e-09  2.92274e-09 -1.81034e-08  -1.4891e-08  1.86698e-05  -1.0323e-07 -6.97347e-08 -5.92352e-06  0.000165584  -0.00070951  2.94226e-05  5.85702e-06  3.03284e-20   2.8064e-19 -1.56277e-07    0.0253838 -2.30388e-08 -5.27076e-09  4.61453e-08 -2.35885e-08 -3.83849e-07  -7.9273e-07
 1.89386e-06  2.82969e-07 -6.18416e-09  1.04927e-09 -1.01479e-07  4.58499e-07   0.00315578  2.42791e-06  8.40704e-05   0.00110856   -0.0312413  -0.00338053 -1.47564e-05   1.9515e-06  4.91929e-20    8.384e-20  1.89129e-06 -2.30388e-08    0.0605607 -6.22862e-08 -3.03077e-06 -1.09851e-06 -5.43957e-07 -1.37074e-07
 6.51736e-09   1.8966e-08 -1.66399e-10  8.11668e-12 -3.60641e-09  1.38926e-08  4.76632e-05  2.33684e-07   1.4231e-06  1.43556e-05 -0.000753389  -0.00143664 -4.62758e-07  6.57076e-08  8.66747e-22 -1.37064e-20  4.44349e-08 -5.27076e-09 -6.22862e-08  0.000637853 -2.39807e-08 -4.97607e-08 -1.50005e-08 -7.49382e-09
 1.23011e-06 -9.91623e-08 -4.25286e-09 -1.74765e-10  -7.6077e-08 -4.33865e-08   0.00134326  9.34869e-07  4.02457e-05  0.000609365   -0.0196816  -0.00752727 -8.24162e-06 -2.65514e-07   3.5685e-20 -6.40293e-20  7.77861e-07  4.61453e-08 -3.03077e-06 -2.39807e-08    0.0566528 -1.91458e-07 -3.60056e-07 -3.85272e-08
  5.0636e-07   4.9892e-07 -2.89083e-09  1.40837e-09 -2.74746e-08  5.25655e-07   0.00123252  4.97279e-06  3.59729e-05  0.000383245   -0.0125728  -0.00538199 -9.69667e-06  2.33875e-06  1.04038e-20  6.73654e-20  1.03395e-06 -2.35885e-08 -1.09851e-06 -4.97607e-08 -1.91458e-07    0.0120757 -2.45647e-07 -1.21593e-07
  1.5529e-07   1.1113e-07 -3.24839e-09  1.22823e-10 -1.07194e-08  9.76994e-08  3.33062e-06  6.55179e-07  3.32397e-06  -2.4084e-05  -0.00896147   0.00142477 -8.46915e-06  3.17741e-07  2.69731e-20 -3.29411e-20  4.28875e-07 -3.83849e-07 -5.43957e-07 -1.50005e-08 -3.60056e-07 -2.45647e-07   0.00158926 -2.67221e-08
 4.40369e-08   5.9232e-08 -3.62884e-10  1.01216e-09 -4.01674e-09  4.99916e-08  0.000157813  6.02005e-07  4.96337e-06  5.15539e-05  -0.00161096  -0.00110467 -9.19121e-07  1.56927e-06  1.18577e-21  8.32536e-20  1.13925e-07  -7.9273e-07 -1.37074e-07 -7.49382e-09 -3.85272e-08 -1.21593e-07 -2.67221e-08   0.00314481
* row and column names
af_m
af_p
alpha_m
alpha_p
auf_m
auf_p
den_m
den_p
hc_l
hc_r
lh_i
lh_w
n_m
n_p
perm_m
perm_p
por_m
por_p
tcd_m
tcd_p
tcs_m
tcs_p
wr_m
wr_p
