    24    24     1
    0.140506 -9.73651e-07   1.5332e-10   8.1759e-09  1.51854e-07 -3.01501e-07  -0.00130709 -0.000289373 -8.18807e-05 -0.000101819   0.00375708    -0.175525  1.56154e-07  -2.6577e-06 -1.49016e-20  -1.7198e-21  -5.4467e-07 -6.02217e-07  2.02471e-07 -1.10231e-07 -6.49625e-07 -3.88257e-08 -1.43247e-07 -1.16454e-07
-9.73651e-07     0.141584  9.57856e-10 -3.89163e-10   5.6949e-08  -3.2634e-07  -0.00125762 -0.000112221 -4.38091e-05 -0.000312458   0.00488614  -0.00356271  4.10087e-06 -3.09001e-06  2.57376e-21 -4.57314e-19 -5.18967e-07 -4.15169e-08  3.96247e-07 -1.17517e-09 -2.94365e-07  5.40362e-07  3.70858e-08   3.7828e-08
  1.5332e-10  9.57856e-10   2.0812e-07  9.68994e-12 -1.69299e-10   7.5499e-10   1.3649e-06 -2.96183e-08   2.3962e-08  5.65079e-07 -5.58164e-05 -0.000144845 -1.08159e-07  3.33275e-09  6.35887e-23  -1.4948e-21  7.75817e-09  3.08509e-09 -4.61928e-09  -1.1817e-10 -3.38675e-09 -1.90033e-09 -1.57541e-09 -1.88356e-10
  8.1759e-09 -3.89163e-10  9.68994e-12  6.24985e-06  4.73922e-11  1.45578e-09 -3.38829e-06  3.68425e-06  7.08169e-08 -2.11869e-06  4.46727e-05   0.00236156  3.25934e-08 -4.73272e-08  3.20824e-23  2.49808e-21 -1.04339e-09  1.35341e-08  7.91638e-09  6.72882e-10   7.5909e-09  4.95564e-09  8.67959e-10  2.94725e-09
 1.51854e-07   5.6949e-08 -1.69299e-10  4.73922e-11    0.0305274  2.74747e-08  4.69777e-05 -1.01965e-06  2.76852e-06 -2.28093e-06 -0.000969177   0.00699804 -7.11033e-07  1.44132e-07  4.70112e-21 -3.83465e-19  5.64867e-08   3.6052e-08 -4.60597e-08  1.89236e-09  6.67279e-09 -3.66327e-08 -9.58066e-09  1.08787e-09
-3.01501e-07  -3.2634e-07   7.5499e-10  1.45578e-09  2.74747e-08    0.0148187 -0.000768645 -0.000140316 -1.95812e-05 -0.000244789   0.00323003   -0.0863452  3.68076e-06 -1.44246e-06 -1.44291e-21  4.21104e-19 -5.24229e-07   -2.121e-07  2.43158e-07   8.4301e-10 -2.07573e-07   3.6714e-07    6.672e-08 -2.85437e-09
 -0.00130709  -0.00125762   1.3649e-06 -3.38829e-06  4.69777e-05 -0.000768645       225619   -0.0837967    -0.137195     -1.85641      7.76053     -7.69442   0.00482999  -0.00456181  1.31802e-17 -7.78847e-16   -0.0013872  0.000102512   0.00347838  4.46851e-05   0.00124535   0.00120048  5.63161e-06   0.00014037
-0.000289373 -0.000112221 -2.96183e-08  3.68425e-06 -1.01965e-06 -0.000140316   -0.0837967      50624.8  -0.00985912   -0.0291517    -0.355259     -85.4522 -9.89341e-06 -0.000140844  -9.9058e-20  1.81097e-18 -0.000122872 -0.000249804 -0.000147982 -1.92934e-05 -0.000251648  -4.8365e-05 -1.06283e-06 -4.62687e-05
-8.18807e-05 -4.38091e-05   2.3962e-08  7.08169e-08  2.76852e-06 -1.95812e-05    -0.137195  -0.00985912      360.995   -0.0391253     0.159774     -2.52293  9.73583e-05 -0.000155831  9.10243e-21 -1.99576e-17  -2.7993e-05 -8.33766e-06  6.08818e-05 -1.00373e-06   4.3153e-06  2.46421e-05 -3.04157e-06  1.00421e-06
-0.000101819 -0.000312458  5.65079e-07 -2.11869e-06 -2.28093e-06 -0.000244789     -1.85641   -0.0291517   -0.0391253      24024.3      2.61246      23.3969   0.00157183  -0.00138299  5.78095e-18 -2.16307e-16 -0.000508792  8.90371e-05   0.00134948  2.88609e-05  0.000763601  0.000420667  2.77129e-05  5.21697e-05
  0.00375708   0.00488614 -5.58164e-05  4.46727e-05 -0.000969177   0.00323003      7.76053    -0.355259     0.159774      2.61246  2.25564e+06     -674.908    -0.219101    0.0172121  5.13694e-17 -6.48273e-15    0.0139072  -0.00113906   -0.0222189 -0.000505002   -0.0149721  -0.00873105  -0.00552968 -0.000917236
   -0.175525  -0.00356271 -0.000144845   0.00236156   0.00699804   -0.0863452     -7.69442     -85.4522     -2.52293      23.3969     -674.908  6.97218e+09    -0.392465    0.0380375 -3.08866e-15  2.65502e-13   -0.0389382    -0.175097    -0.146546   -0.0154568    -0.212748   -0.0662703    -0.010674   -0.0343125
 1.56154e-07  4.10087e-06 -1.08159e-07  3.25934e-08 -7.11033e-07  3.68076e-06   0.00482999 -9.89341e-06  9.73583e-05   0.00157183    -0.219101    -0.392465     0.261953  1.03904e-05  1.29308e-19 -7.57734e-18  3.29388e-05    2.928e-05 -1.35593e-05 -4.56414e-07 -8.65487e-06 -8.40953e-06 -5.36356e-06 -6.44307e-07
 -2.6577e-06 -3.09001e-06  3.33275e-09 -4.73272e-08  1.44132e-07 -1.44246e-06  -0.00456181 -0.000140844 -0.000155831  -0.00138299    0.0172121    0.0380375  1.03904e-05     0.262597  7.20365e-22  7.97603e-19 -2.05765e-06  7.71774e-06  1.76974e-06  2.88604e-08 -1.01837e-06  2.44371e-06  4.94831e-08  1.83604e-06
-1.49016e-20  2.57376e-21  6.35887e-23  3.20824e-23  4.70112e-21 -1.44291e-21  1.31802e-17  -9.9058e-20  9.10243e-21  5.78095e-18  5.13694e-17 -3.08866e-15  1.29308e-19  7.20365e-22  6.24997e-28  1.10867e-31   -1.793e-20  2.07542e-21 -4.68442e-21 -7.84357e-22 -9.87792e-21 -3.03397e-21  4.78625e-21 -1.78399e-21
 -1.7198e-21 -4.57314e-19  -1.4948e-21  2.49808e-21 -3.83465e-19  4.21104e-19 -7.78847e-16  1.81097e-18 -1.99576e-17 -2.16307e-16 -6.48273e-15  2.65502e-13 -7.57734e-18  7.97603e-19  1.10867e-31  1.78665e-22  6.29997e-19  6.55556e-19 -6.20022e-20  2.54802e-20  3.73367e-19 -1.08156e-19 -1.37705e-19  4.89466e-20
 -5.4467e-07 -5.18967e-07  7.75817e-09 -1.04339e-09  5.64867e-08 -5.24229e-07   -0.0013872 -0.000122872  -2.7993e-05 -0.000508792    0.0139072   -0.0389382  3.29388e-05 -2.05765e-06   -1.793e-20  6.29997e-19    0.0144552 -1.76694e-07   1.6365e-06   2.1954e-08  5.86931e-07  7.10892e-07  8.02353e-09  4.02191e-08
-6.02217e-07 -4.15169e-08  3.08509e-09  1.35341e-08   3.6052e-08   -2.121e-07  0.000102512 -0.000249804 -8.33766e-06  8.90371e-05  -0.00113906    -0.175097    2.928e-05  7.71774e-06  2.07542e-21  6.55556e-19 -1.76694e-07    0.0253828 -3.60934e-07 -4.05812e-08 -4.94892e-07 -1.94474e-07 -5.75872e-07 -9.68297e-07
 2.02471e-07  3.96247e-07 -4.61928e-09  7.91638e-09 -4.60597e-08  2.43158e-07   0.00347838 -0.000147982  6.08818e-05   0.00134948   -0.0222189    -0.146546 -1.35593e-05  1.76974e-06 -4.68442e-21 -6.20022e-20   1.6365e-06 -3.60934e-07    0.0605608 -8.69756e-08 -3.00538e-06 -8.85713e-07 -4.14056e-07 -1.53212e-07
-1.10231e-07 -1.17517e-09  -1.1817e-10  6.72882e-10  1.89236e-09   8.4301e-10  4.46851e-05 -1.92934e-05 -1.00373e-06  2.88609e-05 -0.000505002   -0.0154568 -4.56414e-07  2.88604e-08 -7.84357e-22  2.54802e-20   2.1954e-08 -4.05812e-08 -8.69756e-08   0.00063785 -8.43338e-08 -5.20564e-08 -1.45453e-08 -1.23377e-08
-6.49625e-07 -2.94365e-07 -3.38675e-09   7.5909e-09  6.67279e-09 -2.07573e-07   0.00124535 -0.000251648   4.3153e-06  0.000763601   -0.0149721    -0.212748 -8.65487e-06 -1.01837e-06 -9.87792e-21  3.73367e-19  5.86931e-07 -4.94892e-07 -3.00538e-06 -8.43338e-08    0.0566526 -2.49547e-07 -3.22402e-07 -1.06901e-07
-3.88257e-08  5.40362e-07 -1.90033e-09  4.95564e-09 -3.66327e-08   3.6714e-07   0.00120048  -4.8365e-05  2.46421e-05  0.000420667  -0.00873105   -0.0662703 -8.40953e-06  2.44371e-06 -3.03397e-21 -1.08156e-19  7.10892e-07 -1.94474e-07 -8.85713e-07 -5.20564e-08 -2.49547e-07    0.0120758 -1.70892e-07  -1.1143e-07
-1.43247e-07  3.70858e-08 -1.57541e-09  8.67959e-10 -9.58066e-09    6.672e-08  5.63161e-06 -1.06283e-06 -3.04157e-06  2.77129e-05  -0.00552968    -0.010674 -5.36356e-06  4.94831e-08  4.78625e-21 -1.37705e-19  8.02353e-09 -5.75872e-07 -4.14056e-07 -1.45453e-08 -3.22402e-07 -1.70892e-07   0.00158938 -1.47769e-08
-1.16454e-07   3.7828e-08 -1.88356e-10  2.94725e-09  1.08787e-09 -2.85437e-09   0.00014037 -4.62687e-05  1.00421e-06  5.21697e-05 -0.000917236   -0.0343125 -6.44307e-07  1.83604e-06 -1.78399e-21  4.89466e-20  4.02191e-08 -9.68297e-07 -1.53212e-07 -1.23377e-08 -1.06901e-07  -1.1143e-07 -1.47769e-08   0.00314479
* row and column names
af_m
af_p
alpha_m
alpha_p
auf_m
auf_p
den_m
den_p
hc_l
hc_r
lh_i
lh_w
n_m
n_p
perm_m
perm_p
por_m
por_p
tcd_m
tcd_p
tcs_m
tcs_p
wr_m
wr_p
