    24    24     1
    0.140508 -8.88473e-07  1.43271e-09  1.58289e-09 -4.88184e-08 -2.57018e-07  -0.00179169 -0.000139911 -3.13753e-05 -0.000406924    0.0122562    0.0683259  3.75794e-06  1.14736e-07  7.56026e-22  5.28887e-18 -6.26282e-07 -1.33334e-07  1.09027e-06  6.74502e-09  7.81072e-07  3.06235e-07  6.19677e-08   4.6357e-09
-8.88473e-07     0.141584  5.31877e-10  3.32212e-10 -6.51937e-08 -2.49621e-07 -0.000829946 -0.000137524 -1.64557e-05 -0.000108099   0.00353327     0.040232  2.57324e-06 -2.34983e-07  7.46849e-21  5.18284e-18 -1.81816e-07  -2.1597e-07 -9.45937e-08  5.26975e-09 -3.74559e-07  2.36134e-07 -7.08635e-09  -8.1903e-09
 1.43271e-09  5.31877e-10  2.08103e-07  4.73612e-12 -1.97273e-10  1.28031e-09  1.19132e-06 -1.91991e-07  9.67302e-08  4.40079e-07 -9.36471e-05  0.000111477  -1.2958e-07  2.46053e-09   2.6673e-22    5.466e-21  1.12326e-08  3.59667e-09 -5.95106e-09 -1.53868e-10 -4.19831e-09 -2.28521e-09 -2.73962e-09  -4.5105e-10
 1.58289e-09  3.32212e-10  4.73612e-12  6.24997e-06  1.66255e-10 -8.06987e-10 -1.45547e-06  7.77375e-08 -2.09122e-07 -8.02017e-07  1.12728e-05 -0.000583274  1.24623e-08 -8.61928e-09 -2.33939e-22 -2.24273e-21  -2.3262e-09  1.97998e-09  2.67044e-09  9.56928e-11   1.4976e-09  5.88984e-10  3.51007e-10   8.7059e-10
-4.88184e-08 -6.51937e-08 -1.97273e-10  1.66255e-10    0.0305274 -5.12766e-09 -3.38515e-05 -4.61482e-05  1.45677e-06 -4.35748e-07 -0.000909093  -0.00230414 -2.95862e-07  8.18662e-08 -1.14763e-21  1.64421e-18  3.87777e-08 -2.19911e-08 -1.57438e-07 -4.91222e-09 -1.24226e-07   -7.583e-09 -1.54231e-08 -5.65458e-09
-2.57018e-07 -2.49621e-07  1.28031e-09 -8.06987e-10 -5.12766e-09    0.0148188  -0.00071896  -1.1994e-05 -2.54686e-05 -0.000231473   0.00607891   -0.0149202  3.89008e-06 -5.45634e-07 -9.14603e-21   5.3997e-19 -5.71864e-07  -2.1395e-08  4.03188e-07  2.61029e-08  3.80616e-08  4.22437e-07  9.76863e-08  6.59264e-08
 -0.00179169 -0.000829946  1.19132e-06 -1.45547e-06 -3.38515e-05  -0.00071896       225620    -0.109391    -0.133596      -1.5152      9.12933     -30.2219   0.00271628  -0.00107271 -1.83617e-17  3.33744e-15  -0.00122582 -0.000173291   0.00272557  5.71023e-05   0.00127563  0.000890079 -1.73611e-05  9.38744e-05
-0.000139911 -0.000137524 -1.91991e-07  7.77375e-08 -4.61482e-05  -1.1994e-05    -0.109391      50624.9 -0.000287256  -0.00544496    -0.767773     -1.87048 -0.000169373  3.58727e-05 -1.05797e-18  2.00378e-15  4.12097e-05 -6.41137e-05 -0.000138389 -5.06619e-06 -0.000120596 -1.45552e-05 -2.11696e-05 -1.14824e-05
-3.13753e-05 -1.64557e-05  9.67302e-08 -2.09122e-07  1.45677e-06 -2.54686e-05    -0.133596 -0.000287256      360.995   -0.0431705     0.449617     -5.10746  0.000244352 -5.63329e-05 -2.19302e-18  2.97446e-17  -5.5897e-05 -6.96528e-06  9.32399e-05   2.5347e-06  5.23122e-05  2.79741e-05  5.16793e-06  5.74388e-06
-0.000406924 -0.000108099  4.40079e-07 -8.02017e-07 -4.35748e-07 -0.000231473      -1.5152  -0.00544496   -0.0431705      24024.4      2.74578     -22.5008  0.000914465 -0.000434742 -8.31124e-18  1.39615e-16 -0.000436572   7.2128e-06   0.00101766  2.25801e-05  0.000652651   0.00033721  6.06944e-06  6.48893e-05
   0.0122562   0.00353327 -9.36471e-05  1.12728e-05 -0.000909093   0.00607891      9.12933    -0.767773     0.449617      2.74578  2.25543e+06      251.804    -0.271804    0.0110978  2.87414e-16  2.38853e-14    0.0246519    -0.000666   -0.0287799 -0.000693146   -0.0198046   -0.0103468  -0.00839961   -0.0019808
   0.0683259     0.040232  0.000111477 -0.000583274  -0.00230414   -0.0149202     -30.2219     -1.87048     -5.10746     -22.5008      251.804  6.97222e+09     0.215943   -0.0534584 -1.16072e-14 -4.14139e-13   -0.0710033   0.00752216    0.0767713   0.00170584    0.0551235    0.0112556    0.0169091    0.0054165
 3.75794e-06  2.57324e-06  -1.2958e-07  1.24623e-08 -2.95862e-07  3.89008e-06   0.00271628 -0.000169373  0.000244352  0.000914465    -0.271804     0.215943     0.262111  5.87712e-06  5.26078e-19  3.43626e-18   3.4482e-05  2.32379e-05 -1.14511e-05 -4.01507e-07 -7.59385e-06 -6.99882e-06 -7.39268e-06 -1.13743e-06
 1.14736e-07 -2.34983e-07  2.46053e-09 -8.61928e-09  8.18662e-08 -5.45634e-07  -0.00107271  3.58727e-05 -5.63329e-05 -0.000434742    0.0110978   -0.0534584  5.87712e-06     0.262649 -1.39832e-20 -2.62457e-18 -1.16586e-06  2.34874e-06  1.05049e-06    5.934e-08  1.51125e-07  8.30693e-07   1.6989e-07  7.57709e-07
 7.56026e-22  7.46849e-21   2.6673e-22 -2.33939e-22 -1.14763e-21 -9.14603e-21 -1.83617e-17 -1.05797e-18 -2.19302e-18 -8.31124e-18  2.87414e-16 -1.16072e-14  5.26078e-19 -1.39832e-20   6.2499e-28 -1.31046e-31 -9.56842e-20  3.29633e-20  3.25957e-20  7.48219e-22  2.42307e-20  7.66844e-21  2.32469e-20  1.93822e-21
 5.28887e-18  5.18284e-18    5.466e-21 -2.24273e-21  1.64421e-18   5.3997e-19  3.33744e-15  2.00378e-15  2.97446e-17  1.39615e-16  2.38853e-14 -4.14139e-13  3.43626e-18 -2.62457e-18 -1.31046e-31  1.78665e-22 -1.59468e-18  2.68619e-18  4.71821e-18  1.52182e-19  3.97786e-18   7.3124e-19  8.19329e-19  4.01858e-19
-6.26282e-07 -1.81816e-07  1.12326e-08  -2.3262e-09  3.87777e-08 -5.71864e-07  -0.00122582  4.12097e-05  -5.5897e-05 -0.000436572    0.0246519   -0.0710033   3.4482e-05 -1.16586e-06 -9.56842e-20 -1.59468e-18    0.0144551 -4.28374e-08  1.95662e-06  5.82984e-08   1.0018e-06  7.97462e-07  3.27415e-07  1.63198e-07
-1.33334e-07  -2.1597e-07  3.59667e-09  1.97998e-09 -2.19911e-08  -2.1395e-08 -0.000173291 -6.41137e-05 -6.96528e-06   7.2128e-06    -0.000666   0.00752216  2.32379e-05  2.34874e-06  3.29633e-20  2.68619e-18 -4.28374e-08    0.0253839 -9.61762e-08 -4.32888e-09 -7.56797e-08 -3.51306e-08 -4.56436e-07 -8.45504e-07
 1.09027e-06 -9.45937e-08 -5.95106e-09  2.67044e-09 -1.57438e-07  4.03188e-07   0.00272557 -0.000138389  9.32399e-05   0.00101766   -0.0287799    0.0767713 -1.14511e-05  1.05049e-06  3.25957e-20  4.71821e-18  1.95662e-06 -9.61762e-08     0.060561 -6.42051e-08  -3.1409e-06 -6.74548e-07 -4.91179e-07  -1.6071e-07
 6.74502e-09  5.26975e-09 -1.53868e-10  9.56928e-11 -4.91222e-09  2.61029e-08  5.71023e-05 -5.06619e-06   2.5347e-06  2.25801e-05 -0.000693146   0.00170584 -4.01507e-07    5.934e-08  7.48219e-22  1.52182e-19  5.82984e-08 -4.32888e-09 -6.42051e-08  0.000637855 -2.50726e-08 -4.15329e-08 -1.28791e-08  -8.7776e-09
 7.81072e-07 -3.74559e-07 -4.19831e-09   1.4976e-09 -1.24226e-07  3.80616e-08   0.00127563 -0.000120596  5.23122e-05  0.000652651   -0.0198046    0.0551235 -7.59385e-06  1.51125e-07  2.42307e-20  3.97786e-18   1.0018e-06 -7.56797e-08  -3.1409e-06 -2.50726e-08    0.0566529  -1.3621e-07  -3.4616e-07 -7.03761e-08
 3.06235e-07  2.36134e-07 -2.28521e-09  5.88984e-10   -7.583e-09  4.22437e-07  0.000890079 -1.45552e-05  2.79741e-05   0.00033721   -0.0103468    0.0112556 -6.99882e-06  8.30693e-07  7.66844e-21   7.3124e-19  7.97462e-07 -3.51306e-08 -6.74548e-07 -4.15329e-08  -1.3621e-07     0.012076 -1.81453e-07 -1.37791e-07
 6.19677e-08 -7.08635e-09 -2.73962e-09  3.51007e-10 -1.54231e-08  9.76863e-08 -1.73611e-05 -2.11696e-05  5.16793e-06  6.06944e-06  -0.00839961    0.0169091 -7.39268e-06   1.6989e-07  2.32469e-20  8.19329e-19  3.27415e-07 -4.56436e-07 -4.91179e-07 -1.28791e-08  -3.4616e-07 -1.81453e-07   0.00158931 -3.74112e-08
  4.6357e-09  -8.1903e-09  -4.5105e-10   8.7059e-10 -5.65458e-09  6.59264e-08  9.38744e-05 -1.14824e-05  5.74388e-06  6.48893e-05   -0.0019808    0.0054165 -1.13743e-06  7.57709e-07  1.93822e-21  4.01858e-19  1.63198e-07 -8.45504e-07  -1.6071e-07  -8.7776e-09 -7.03761e-08 -1.37791e-07 -3.74112e-08   0.00314479
* row and column names
af_m
af_p
alpha_m
alpha_p
auf_m
auf_p
den_m
den_p
hc_l
hc_r
lh_i
lh_w
n_m
n_p
perm_m
perm_p
por_m
por_p
tcd_m
tcd_p
tcs_m
tcs_p
wr_m
wr_p
