    24    24     1
    0.140507 -1.59958e-06 -9.02577e-10  1.37561e-08 -6.86614e-08 -3.03186e-07  -0.00258207  -1.4535e-06 -7.98056e-05 -0.000523923   0.00255957    -0.171151 -4.80066e-07 -1.23314e-06   1.7145e-20  1.80666e-17 -3.94685e-07 -4.85202e-07 -2.17456e-07 -2.10696e-08 -3.00167e-07 -4.86497e-07 -1.20537e-07  -1.8412e-08
-1.59958e-06     0.141584 -3.47129e-10  1.05151e-08 -8.90076e-08 -4.40479e-07  -0.00174856 -3.12532e-06 -6.18119e-05 -0.000409374   0.00113234    -0.131266  2.30399e-06 -2.42129e-06  9.95891e-21  2.11525e-17 -5.22505e-07 -4.73028e-07 -6.28981e-07 -3.38688e-09  -7.7656e-07  3.79519e-08 -4.54764e-08  1.41716e-08
-9.02577e-10 -3.47129e-10   2.0812e-07  1.23818e-11 -1.47595e-10  4.63288e-10  1.06703e-06  6.54531e-09  3.76496e-09  2.98535e-07 -5.49554e-05 -0.000148689 -1.06824e-07  2.85386e-09  4.33696e-23   2.5775e-20  7.44988e-09  2.78383e-09  -5.6705e-09 -1.08062e-10 -3.37654e-09 -2.28518e-09 -1.49504e-09 -2.10096e-10
 1.37561e-08  1.05151e-08  1.23818e-11   6.2498e-06  9.79183e-10  1.86169e-09  6.75144e-06 -6.29656e-09  3.74355e-07   1.7668e-06  2.14098e-05   0.00182742  9.88064e-09 -3.91527e-08 -7.08906e-23 -1.66071e-19  2.59975e-09  1.32092e-08  1.15828e-08   2.9404e-10  6.40593e-09   5.6711e-09  6.51442e-10  2.03865e-09
-6.86614e-08 -8.90076e-08 -1.47595e-10  9.79183e-10    0.0305274 -1.88052e-08 -3.77727e-05  2.58778e-07 -2.88346e-06 -6.94034e-06 -0.000407333   -0.0170813  -2.1449e-07 -1.12381e-07  8.00972e-22  9.19446e-18 -6.16359e-09  -5.3349e-08 -1.25571e-07 -2.82373e-09 -8.48695e-08 -4.80077e-08 -1.07297e-08  -4.8732e-09
-3.03186e-07 -4.40479e-07  4.63288e-10  1.86169e-09 -1.88052e-08    0.0148189 -0.000849404 -2.07465e-06 -2.59222e-05  -0.00025567   0.00288359    -0.042514   3.3584e-06 -1.27344e-06  2.66778e-21  4.46854e-18 -4.30182e-07 -9.19864e-08  1.56693e-07  1.19557e-08 -1.52119e-07  2.92612e-07  4.21967e-08  3.17647e-08
 -0.00258207  -0.00174856  1.06703e-06  6.75144e-06 -3.77727e-05 -0.000849404       225618  -0.00987341    -0.177509     -1.98632      9.71514      -158.45   0.00658818  -0.00485933  1.02138e-17  1.14895e-14  -0.00173817 -0.000355762   0.00286927  4.44038e-05  0.000771648    0.0010061 -8.56352e-06  0.000104609
 -1.4535e-06 -3.12532e-06  6.54531e-09 -6.29656e-09  2.58778e-07 -2.07465e-06  -0.00987341        50625 -0.000295654  -0.00275301    0.0262648   -0.0444768   3.4063e-05  -1.0239e-05  1.49882e-20 -9.85946e-18 -2.12712e-06  9.69155e-09  2.06134e-06  1.92726e-07  7.73084e-07  4.18459e-06  3.10384e-07  4.00347e-07
-7.98056e-05 -6.18119e-05  3.76496e-09  3.74355e-07 -2.88346e-06 -2.59222e-05    -0.177509 -0.000295654      360.994    -0.053881     0.186075     -6.92366  0.000144916 -0.000119387  2.56685e-19  8.57942e-16 -4.58441e-05 -1.74449e-05  4.88042e-05  5.33507e-07  1.03044e-05  1.78857e-05 -1.50505e-06  2.13952e-06
-0.000523923 -0.000409374  2.98535e-07   1.7668e-06 -6.94034e-06  -0.00025567     -1.98632  -0.00275301    -0.053881      24024.3      2.37149     -49.6089   0.00150352  -0.00143168  6.49342e-19  2.90674e-15 -0.000579347 -0.000101412   0.00111753    1.432e-05  0.000523593  0.000351556 -3.26217e-07  3.42217e-05
  0.00255957   0.00113234 -5.49554e-05  2.14098e-05 -0.000407333   0.00288359      9.71514    0.0262648     0.186075      2.37149  2.25564e+06     -121.398    -0.216175    0.0165933 -1.00706e-16  7.31722e-14    0.0137372  -0.00124876   -0.0249873 -0.000423005   -0.0131128  -0.00932721  -0.00523051 -0.000857355
   -0.171151    -0.131266 -0.000148689   0.00182742   -0.0170813    -0.042514      -158.45   -0.0444768     -6.92366     -49.6089     -121.398  6.97222e+09   -0.0555191    -0.072924  8.51322e-16  2.51659e-12   -0.0571161   -0.0655199     -0.11942  -0.00280844   -0.0933014   -0.0457617  -0.00648611  -0.00442788
-4.80066e-07  2.30399e-06 -1.06824e-07  9.88064e-09  -2.1449e-07   3.3584e-06   0.00658818   3.4063e-05  0.000144916   0.00150352    -0.216175   -0.0555191     0.261957  1.06384e-05  2.97087e-21  3.40083e-17   3.2668e-05  2.95545e-05 -1.58969e-05 -4.09113e-07 -6.77742e-06 -8.71569e-06 -4.86028e-06 -6.39967e-07
-1.23314e-06 -2.42129e-06  2.85386e-09 -3.91527e-08 -1.12381e-07 -1.27344e-06  -0.00485933  -1.0239e-05 -0.000119387  -0.00143168    0.0165933    -0.072924  1.06384e-05     0.262599  3.51417e-20  1.44364e-17 -2.12998e-06  7.79739e-06  1.82819e-06  9.02921e-08 -6.90863e-07  2.16324e-06  1.73867e-07  1.83859e-06
  1.7145e-20  9.95891e-21  4.33696e-23 -7.08906e-23  8.00972e-22  2.66778e-21  1.02138e-17  1.49882e-20  2.56685e-19  6.49342e-19 -1.00706e-16  8.51322e-16  2.97087e-21  3.51417e-20  6.24997e-28 -1.68651e-31 -1.12315e-20  1.39738e-20  1.20204e-21   2.0926e-23  2.85915e-21 -3.14121e-21  3.47504e-21 -8.07827e-22
 1.80666e-17  2.11525e-17   2.5775e-20 -1.66071e-19  9.19446e-18  4.46854e-18  1.14895e-14 -9.85946e-18  8.57942e-16  2.90674e-15  7.31722e-14  2.51659e-12  3.40083e-17  1.44364e-17 -1.68651e-31  1.78663e-22   4.4925e-18  7.83559e-18  2.07664e-17  6.91865e-19  1.15419e-17  8.88073e-18  2.17158e-18  4.44848e-19
-3.94685e-07 -5.22505e-07  7.44988e-09  2.59975e-09 -6.16359e-09 -4.30182e-07  -0.00173817 -2.12712e-06 -4.58441e-05 -0.000579347    0.0137372   -0.0571161   3.2668e-05 -2.12998e-06 -1.12315e-20   4.4925e-18     0.014455 -1.55568e-07  1.70167e-06  3.25621e-08  5.96921e-07  7.08652e-07 -3.23822e-08  7.19108e-08
-4.85202e-07 -4.73028e-07  2.78383e-09  1.32092e-08  -5.3349e-08 -9.19864e-08 -0.000355762  9.69155e-09 -1.74449e-05 -0.000101412  -0.00124876   -0.0655199  2.95545e-05  7.79739e-06  1.39738e-20  7.83559e-18 -1.55568e-07    0.0253828 -4.61396e-07 -9.26729e-09 -2.95896e-07 -2.24431e-07 -6.09654e-07  -9.0805e-07
-2.17456e-07 -6.28981e-07  -5.6705e-09  1.15828e-08 -1.25571e-07  1.56693e-07   0.00286927  2.06134e-06  4.88042e-05   0.00111753   -0.0249873     -0.11942 -1.58969e-05  1.82819e-06  1.20204e-21  2.07664e-17  1.70167e-06 -4.61396e-07    0.0605599 -6.28475e-08 -3.05409e-06 -1.34257e-06 -4.66926e-07  -1.0717e-07
-2.10696e-08 -3.38688e-09 -1.08062e-10   2.9404e-10 -2.82373e-09  1.19557e-08  4.44038e-05  1.92726e-07  5.33507e-07    1.432e-05 -0.000423005  -0.00280844 -4.09113e-07  9.02921e-08   2.0926e-23  6.91865e-19  3.25621e-08 -9.26729e-09 -6.28475e-08  0.000637855 -1.61295e-08 -4.66778e-08 -8.79336e-09 -4.80971e-09
-3.00167e-07  -7.7656e-07 -3.37654e-09  6.40593e-09 -8.48695e-08 -1.52119e-07  0.000771648  7.73084e-07  1.03044e-05  0.000523593   -0.0131128   -0.0933014 -6.77742e-06 -6.90863e-07  2.85915e-21  1.15419e-17  5.96921e-07 -2.95896e-07 -3.05409e-06 -1.61295e-08    0.0566531 -3.81559e-07 -2.61992e-07 -1.92793e-08
-4.86497e-07  3.79519e-08 -2.28518e-09   5.6711e-09 -4.80077e-08  2.92612e-07    0.0010061  4.18459e-06  1.78857e-05  0.000351556  -0.00932721   -0.0457617 -8.71569e-06  2.16324e-06 -3.14121e-21  8.88073e-18  7.08652e-07 -2.24431e-07 -1.34257e-06 -4.66778e-08 -3.81559e-07    0.0120757 -1.94846e-07 -9.89467e-08
-1.20537e-07 -4.54764e-08 -1.49504e-09  6.51442e-10 -1.07297e-08  4.21967e-08 -8.56352e-06  3.10384e-07 -1.50505e-06 -3.26217e-07  -0.00523051  -0.00648611 -4.86028e-06  1.73867e-07  3.47504e-21  2.17158e-18 -3.23822e-08 -6.09654e-07 -4.66926e-07 -8.79336e-09 -2.61992e-07 -1.94846e-07    0.0015894 -1.32723e-08
 -1.8412e-08  1.41716e-08 -2.10096e-10  2.03865e-09  -4.8732e-09  3.17647e-08  0.000104609  4.00347e-07  2.13952e-06  3.42217e-05 -0.000857355  -0.00442788 -6.39967e-07  1.83859e-06 -8.07827e-22  4.44848e-19  7.19108e-08  -9.0805e-07  -1.0717e-07 -4.80971e-09 -1.92793e-08 -9.89467e-08 -1.32723e-08    0.0031448
* row and column names
af_m
af_p
alpha_m
alpha_p
auf_m
auf_p
den_m
den_p
hc_l
hc_r
lh_i
lh_w
n_m
n_p
perm_m
perm_p
por_m
por_p
tcd_m
tcd_p
tcs_m
tcs_p
wr_m
wr_p
