    24    24     1
    0.140508 -1.09272e-06 -3.26941e-11  4.84806e-09  1.10558e-08 -4.48439e-08  -0.00182825 -0.000303946 -4.64397e-05 -0.000220488   0.00459995    0.0202251  1.70544e-06 -1.35815e-06  6.93119e-20  3.58008e-17 -5.53609e-08 -1.01161e-07  4.41476e-07  2.66029e-10  1.31639e-07 -4.68981e-09 -5.92778e-08 -7.63216e-08
-1.09272e-06     0.141584  2.84602e-10  1.18564e-09  5.64006e-10 -2.40199e-07  -0.00138668 -0.000271523 -3.78324e-05 -0.000192845   0.00326533  -0.00327886  4.22878e-06 -2.41089e-06  3.53249e-20  3.14553e-17 -2.04359e-07 -7.43701e-08 -7.37092e-08  1.55725e-08 -5.24931e-07  3.91469e-07 -7.28289e-09 -3.12985e-08
-3.26941e-11  2.84602e-10  2.08124e-07  1.25047e-11  -6.4999e-11  7.66038e-10  1.42008e-06 -3.53424e-07  3.47352e-08  5.97553e-07 -4.79973e-05  2.12585e-05 -9.46441e-08  2.51424e-09  7.20342e-23   3.7595e-20  6.99158e-09   3.0832e-09 -4.56072e-09 -4.54193e-11 -3.14483e-09 -1.68713e-09  -1.1722e-09 -2.42344e-10
 4.84806e-09  1.18564e-09  1.25047e-11  6.24985e-06  1.61499e-10 -1.30222e-09 -3.97297e-06   6.6134e-07 -1.14624e-07 -2.68776e-06  5.06274e-05  -0.00020233  3.98588e-08 -5.00695e-08  -7.9808e-22 -9.90932e-20 -5.45357e-09  7.70414e-09  7.78611e-09  1.52952e-10   7.3564e-09  3.68496e-09  1.18071e-09  2.03174e-09
 1.10558e-08  5.64006e-10  -6.4999e-11  1.61499e-10    0.0305274  5.40745e-09  5.06844e-05 -1.96881e-06  1.34042e-06  2.06755e-05 -0.000281062  0.000572009 -1.91041e-07  4.53406e-08  8.97991e-22  2.23406e-19  3.19012e-08  -1.7298e-09 -6.81246e-08 -3.65252e-10 -4.66906e-08 -1.11716e-08 -4.62846e-09 -2.31967e-09
-4.48439e-08 -2.40199e-07  7.66038e-10 -1.30222e-09  5.40745e-09    0.0148189 -0.000617759  2.76752e-05 -1.57177e-05 -0.000215172   0.00345201   -0.0138997   3.6499e-06 -1.08857e-06 -2.75515e-21 -2.17447e-18 -4.02977e-07  2.09123e-08  3.94398e-07  1.35672e-08  1.65412e-08  3.96709e-07  6.22535e-08  4.36165e-08
 -0.00182825  -0.00138668  1.42008e-06 -3.97297e-06  5.06844e-05 -0.000617759       225619     -0.19188    -0.150736     -1.72607      8.86814     -24.8899   0.00686415  -0.00444352 -4.68995e-18  2.26153e-14  -0.00137973 -8.92531e-05   0.00316143  4.57287e-05   0.00108435   0.00113382 -8.83454e-06  4.68384e-05
-0.000303946 -0.000271523 -3.53424e-07   6.6134e-07 -1.96881e-06  2.76752e-05     -0.19188      50624.8  -0.00918865    0.0320373      -1.0173    -0.888608 -5.13385e-05 -0.000184667  3.06149e-18  2.00217e-14  8.17197e-05 -9.22713e-05 -0.000277934 -1.67264e-07 -0.000176756 -7.19673e-05 -3.44996e-05 -5.56311e-05
-4.64397e-05 -3.78324e-05  3.47352e-08 -1.14624e-07  1.34042e-06 -1.57177e-05    -0.150736  -0.00918865      360.996   -0.0438063     0.214592    -0.935764  0.000215301 -0.000120769 -5.74769e-19  1.11945e-15 -3.99467e-05 -4.71197e-06  7.43649e-05  1.16109e-06  2.88575e-05  2.75009e-05 -4.29392e-08 -1.33255e-07
-0.000220488 -0.000192845  5.97553e-07 -2.68776e-06  2.06755e-05 -0.000215172     -1.72607    0.0320373   -0.0438063      24024.3      2.63227     -15.0405   0.00178269  -0.00121622 -1.63001e-17 -3.84879e-15 -0.000555202  8.76162e-06   0.00134764  1.60668e-05   0.00067723  0.000410365  1.35096e-05  4.43517e-05
  0.00459995   0.00326533 -4.79973e-05  5.06274e-05 -0.000281062   0.00345201      8.86814      -1.0173     0.214592      2.63227  2.25566e+06      79.7929    -0.193124    0.0150495   7.7728e-17   1.0263e-13     0.013109  -0.00118122   -0.0209091 -0.000201266   -0.0135424  -0.00760719  -0.00461387  -0.00104091
   0.0202251  -0.00327886  2.12585e-05  -0.00020233  0.000572009   -0.0138997     -24.8899    -0.888608    -0.935764     -15.0405      79.7929  6.97224e+09     0.126995  -0.00292607 -1.77846e-15 -1.70283e-13   -0.0333709    0.0051556    0.0261801  0.000196861    0.0192439    0.0131037   0.00390907 -0.000665395
 1.70544e-06  4.22878e-06 -9.46441e-08  3.98588e-08 -1.91041e-07   3.6499e-06   0.00686415 -5.13385e-05  0.000215301   0.00178269    -0.193124     0.126995     0.261988  9.89426e-06  9.22868e-20 -4.85447e-18  3.07684e-05  3.10543e-05 -1.20539e-05 -2.19244e-07 -7.37663e-06 -7.32306e-06 -3.66247e-06 -4.79979e-07
-1.35815e-06 -2.41089e-06  2.51424e-09 -5.00695e-08  4.53406e-08 -1.08857e-06  -0.00444352 -0.000184667 -0.000120769  -0.00121622    0.0150495  -0.00292607  9.89426e-06     0.262596  2.63443e-20  2.32943e-17 -1.83393e-06  8.32384e-06  1.63609e-06  9.45579e-08 -8.24307e-07  2.10975e-06  1.14089e-07  1.90098e-06
 6.93119e-20  3.53249e-20  7.20342e-23  -7.9808e-22  8.97991e-22 -2.75515e-21 -4.68995e-18  3.06149e-18 -5.74769e-19 -1.63001e-17   7.7728e-17 -1.77846e-15  9.22868e-20  2.63443e-20   6.2499e-28 -3.70544e-31 -3.11623e-20  7.83602e-21  4.74132e-20  6.66425e-22  6.03842e-20  9.80112e-21  8.90591e-21  6.76393e-22
 3.58008e-17  3.14553e-17   3.7595e-20 -9.90932e-20  2.23406e-19 -2.17447e-18  2.26153e-14  2.00217e-14  1.11945e-15 -3.84879e-15   1.0263e-13 -1.70283e-13 -4.85447e-18  2.32943e-17 -3.70544e-31  1.78662e-22 -7.74108e-18  1.05339e-17  3.29406e-17  1.32858e-21   2.0648e-17  6.82626e-18  3.57333e-18  6.36827e-18
-5.53609e-08 -2.04359e-07  6.99158e-09 -5.45357e-09  3.19012e-08 -4.02977e-07  -0.00137973  8.17197e-05 -3.99467e-05 -0.000555202     0.013109   -0.0333709  3.07684e-05 -1.83393e-06 -3.11623e-20 -7.74108e-18    0.0144549  7.34228e-09  1.95893e-06  2.30608e-08  9.38225e-07  7.46123e-07 -9.50176e-08   8.7494e-08
-1.01161e-07 -7.43701e-08   3.0832e-09  7.70414e-09  -1.7298e-09  2.09123e-08 -8.92531e-05 -9.22713e-05 -4.71197e-06  8.76162e-06  -0.00118122    0.0051556  3.10543e-05  8.32384e-06  7.83602e-21  1.05339e-17  7.34228e-09    0.0253825 -1.43481e-07 -7.55171e-10 -7.78512e-08 -7.22867e-08 -6.76856e-07 -9.75967e-07
 4.41476e-07 -7.37092e-08 -4.56072e-09  7.78611e-09 -6.81246e-08  3.94398e-07   0.00316143 -0.000277934  7.43649e-05   0.00134764   -0.0209091    0.0261801 -1.20539e-05  1.63609e-06  4.74132e-20  3.29406e-17  1.95893e-06 -1.43481e-07    0.0605608 -2.59047e-08 -2.70853e-06 -8.82295e-07 -3.67085e-07 -1.49876e-07
 2.66029e-10  1.55725e-08 -4.54193e-11  1.52952e-10 -3.65252e-10  1.35672e-08  4.57287e-05 -1.67264e-07  1.16109e-06  1.60668e-05 -0.000201266  0.000196861 -2.19244e-07  9.45579e-08  6.66425e-22  1.32858e-21  2.30608e-08 -7.55171e-10 -2.59047e-08  0.000637857  2.41199e-09 -2.82103e-08 -3.59158e-09 -2.60991e-09
 1.31639e-07 -5.24931e-07 -3.14483e-09   7.3564e-09 -4.66906e-08  1.65412e-08   0.00108435 -0.000176756  2.88575e-05   0.00067723   -0.0135424    0.0192439 -7.37663e-06 -8.24307e-07  6.03842e-20   2.0648e-17  9.38225e-07 -7.78512e-08 -2.70853e-06  2.41199e-09    0.0566531  -1.3704e-07 -2.66629e-07 -4.89897e-08
-4.68981e-09  3.91469e-07 -1.68713e-09  3.68496e-09 -1.11716e-08  3.96709e-07   0.00113382 -7.19673e-05  2.75009e-05  0.000410365  -0.00760719    0.0131037 -7.32306e-06  2.10975e-06  9.80112e-21  6.82626e-18  7.46123e-07 -7.22867e-08 -8.82295e-07 -2.82103e-08  -1.3704e-07    0.0120759 -1.42469e-07 -9.35756e-08
-5.92778e-08 -7.28289e-09  -1.1722e-09  1.18071e-09 -4.62846e-09  6.22535e-08 -8.83454e-06 -3.44996e-05 -4.29392e-08  1.35096e-05  -0.00461387   0.00390907 -3.66247e-06  1.14089e-07  8.90591e-21  3.57333e-18 -9.50176e-08 -6.76856e-07 -3.67085e-07 -3.59158e-09 -2.66629e-07 -1.42469e-07   0.00158942 -1.89099e-08
-7.63216e-08 -3.12985e-08 -2.42344e-10  2.03174e-09 -2.31967e-09  4.36165e-08  4.68384e-05 -5.56311e-05 -1.33255e-07  4.43517e-05  -0.00104091 -0.000665395 -4.79979e-07  1.90098e-06  6.76393e-22  6.36827e-18   8.7494e-08 -9.75967e-07 -1.49876e-07 -2.60991e-09 -4.89897e-08 -9.35756e-08 -1.89099e-08   0.00314476
* row and column names
af_m
af_p
alpha_m
alpha_p
auf_m
auf_p
den_m
den_p
hc_l
hc_r
lh_i
lh_w
n_m
n_p
perm_m
perm_p
por_m
por_p
tcd_m
tcd_p
tcs_m
tcs_p
wr_m
wr_p
