    24    24     1
    0.140509 -5.39766e-07  4.30994e-10  3.48182e-09 -3.74845e-08 -4.37476e-08  -0.00193119  4.01941e-05 -4.15703e-05   -0.0003174   0.00313206   -0.0172285  7.67698e-07 -1.08252e-06    4.862e-20   7.8256e-18 -2.13208e-07 -5.14411e-08  6.90052e-07 -6.24082e-08  5.78783e-07 -2.61406e-08 -7.22442e-09 -5.58166e-08
-5.39766e-07     0.141585  7.88109e-10  1.90361e-09 -8.15618e-08 -2.92751e-07  -0.00112697 -5.43171e-05 -2.79086e-05 -0.000345287   0.00409664   -0.0361985  4.50557e-06 -2.08127e-06  3.47902e-21  1.40028e-17 -4.37007e-07 -2.43515e-08  2.27397e-07  1.48691e-08 -2.50502e-07  4.82788e-07  4.37739e-08  4.27996e-08
 4.30994e-10  7.88109e-10  2.08125e-07  6.34226e-12 -3.02773e-11   6.8173e-10  1.84046e-06  1.36914e-07  6.88218e-08  4.75238e-07 -4.42868e-05  7.62362e-06 -9.31061e-08  2.98622e-09  4.41591e-24 -8.43079e-21  6.66792e-09  3.60139e-09  -3.6548e-09 -9.73178e-11 -2.05879e-09 -1.43399e-09 -9.48395e-10  -1.2508e-10
 3.48182e-09  1.90361e-09  6.34226e-12  6.24985e-06  9.42697e-10 -1.32192e-10 -1.51726e-06  8.55906e-07 -4.84085e-08 -5.13506e-07   1.8356e-05  0.000400586  1.62823e-08 -5.36628e-08 -5.59331e-23 -1.31104e-19 -1.26613e-09   7.4494e-09  5.24451e-09  4.54208e-10  2.30861e-09  2.38904e-09  3.71292e-10  1.90162e-09
-3.74845e-08 -8.15618e-08 -3.02773e-11  9.42697e-10    0.0305274  -2.7581e-08  2.88811e-06 -3.26229e-05 -1.72966e-07 -1.83218e-05  4.16135e-05   -0.0151809  2.35637e-07  2.74206e-08  2.01327e-21  4.85232e-18 -2.23607e-08 -3.18542e-10 -7.71306e-08  2.77657e-09 -5.79113e-08   8.2531e-09  5.68599e-10  3.37389e-09
-4.37476e-08 -2.92751e-07   6.8173e-10 -1.32192e-10  -2.7581e-08    0.0148189 -0.000674591 -6.48934e-05 -2.25634e-05 -0.000257318   0.00332193   -0.0147553  3.55999e-06 -1.08074e-06  2.39193e-21  5.11453e-18 -4.76794e-07 -6.18652e-09  3.17775e-07  2.67395e-08 -4.32787e-08     3.59e-07  5.69346e-08  4.11689e-08
 -0.00193119  -0.00112697  1.84046e-06 -1.51726e-06  2.88811e-06 -0.000674591       225618    -0.112332    -0.194231     -2.04344      8.37816      -19.312   0.00696349   -0.0048836  7.02475e-17   7.8534e-15   -0.0016836 -0.000208204    0.0034108  1.86803e-05   0.00152556   0.00107079  2.07979e-05  5.59581e-05
 4.01941e-05 -5.43171e-05  1.36914e-07  8.55906e-07 -3.26229e-05 -6.48934e-05    -0.112332      50624.9  -0.00578545   -0.0849029     0.837423     -17.2696  0.000905086 -1.76501e-07  4.88998e-18  5.38397e-15 -0.000128454 -1.20084e-06  7.89258e-05  1.23252e-05  3.76449e-05  5.94765e-05   2.0412e-05  1.36193e-05
-4.15703e-05 -2.79086e-05  6.88218e-08 -4.84085e-08 -1.72966e-07 -2.25634e-05    -0.194231  -0.00578545      360.994   -0.0590338     0.294335      -0.7925  0.000274794 -0.000143947   1.9833e-18  2.80855e-16 -5.61966e-05 -8.64594e-06  9.77196e-05  1.33944e-06    4.674e-05  3.39845e-05  2.65698e-06  2.32253e-06
  -0.0003174 -0.000345287  4.75238e-07 -5.13506e-07 -1.83218e-05 -0.000257318     -2.04344   -0.0849029   -0.0590338      24024.2      2.65592     -18.6921   0.00197357  -0.00143763  2.34379e-18  6.03781e-15 -0.000619386 -4.44671e-05   0.00130085  3.68451e-05  0.000640961  0.000406245  8.34756e-06  4.81295e-05
  0.00313206   0.00409664 -4.42868e-05   1.8356e-05  4.16135e-05   0.00332193      8.37816     0.837423     0.294335      2.65592  2.25569e+06      107.111    -0.179967    0.0145473  2.91436e-17  -6.1474e-14    0.0130271 -0.000313279   -0.0176765 -0.000575868  -0.00882167   -0.0066984  -0.00392659 -0.000742536
  -0.0172285   -0.0361985  7.62362e-06  0.000400586   -0.0151809   -0.0147553      -19.312     -17.2696      -0.7925     -18.6921      107.111  6.97224e+09     0.161769  -0.00184234  1.08198e-15  2.29799e-12   -0.0232978  0.000386449  -0.00538606   0.00204611  -0.00584058   0.00643196   0.00260448   0.00198608
 7.67698e-07  4.50557e-06 -9.31061e-08  1.62823e-08  2.35637e-07  3.55999e-06   0.00696349  0.000905086  0.000274794   0.00197357    -0.179967     0.161769     0.262002  7.48637e-06 -1.05685e-19 -8.38459e-17  3.04456e-05  3.37341e-05 -1.10947e-05 -5.00884e-07 -4.68691e-06 -6.70662e-06 -2.79578e-06 -5.22891e-07
-1.08252e-06 -2.08127e-06  2.98622e-09 -5.36628e-08  2.74206e-08 -1.08074e-06   -0.0048836 -1.76501e-07 -0.000143947  -0.00143763    0.0145473  -0.00184234  7.48637e-06      0.26259  4.04751e-20  1.18478e-18 -1.97137e-06  8.94455e-06   1.8859e-06  6.73726e-08 -4.98646e-07  1.98139e-06  1.21283e-07   2.0899e-06
   4.862e-20  3.47902e-21  4.41591e-24 -5.59331e-23  2.01327e-21  2.39193e-21  7.02475e-17  4.88998e-18   1.9833e-18  2.34379e-18  2.91436e-17  1.08198e-15 -1.05685e-19  4.04751e-20  6.24992e-28 -3.83772e-31  5.49723e-21   1.9698e-20 -2.33074e-21  3.70169e-21 -1.44106e-20  5.42785e-21  1.67331e-21  4.26992e-21
  7.8256e-18  1.40028e-17 -8.43079e-21 -1.31104e-19  4.85232e-18  5.11453e-18   7.8534e-15  5.38397e-15  2.80855e-16  6.03781e-15  -6.1474e-14  2.29799e-12 -8.38459e-17  1.18478e-18 -3.83772e-31  1.78664e-22  9.80511e-18 -2.36677e-20  1.17289e-18 -6.70663e-19  1.95161e-18 -3.68246e-18 -9.80381e-19 -8.10018e-19
-2.13208e-07 -4.37007e-07  6.66792e-09 -1.26613e-09 -2.23607e-08 -4.76794e-07   -0.0016836 -0.000128454 -5.61966e-05 -0.000619386    0.0130271   -0.0232978  3.04456e-05 -1.97137e-06  5.49723e-21  9.80511e-18    0.0144546 -4.38609e-08  1.71498e-06  5.95664e-08  5.95091e-07  6.78522e-07    -1.32e-07  7.36471e-08
-5.14411e-08 -2.43515e-08  3.60139e-09   7.4494e-09 -3.18542e-10 -6.18652e-09 -0.000208204 -1.20084e-06 -8.64594e-06 -4.44671e-05 -0.000313279  0.000386449  3.37341e-05  8.94455e-06   1.9698e-20 -2.36677e-20 -4.38609e-08     0.025382   5.0551e-08  -1.0617e-08  7.18944e-08 -4.44076e-09 -7.15684e-07 -9.99446e-07
 6.90052e-07  2.27397e-07  -3.6548e-09  5.24451e-09 -7.71306e-08  3.17775e-07    0.0034108  7.89258e-05  9.77196e-05   0.00130085   -0.0176765  -0.00538606 -1.10947e-05   1.8859e-06 -2.33074e-21  1.17289e-18  1.71498e-06   5.0551e-08    0.0605616 -7.48785e-08 -2.11484e-06 -6.91878e-07 -2.79326e-07 -7.70037e-08
-6.24082e-08  1.48691e-08 -9.73178e-11  4.54208e-10  2.77657e-09  2.67395e-08  1.86803e-05  1.23252e-05  1.33944e-06  3.68451e-05 -0.000575868   0.00204611 -5.00884e-07  6.73726e-08  3.70169e-21 -6.70663e-19  5.95664e-08  -1.0617e-08 -7.48785e-08  0.000637847 -1.51949e-08 -5.27294e-08 -1.08228e-08 -1.08402e-08
 5.78783e-07 -2.50502e-07 -2.05879e-09  2.30861e-09 -5.79113e-08 -4.32787e-08   0.00152556  3.76449e-05    4.674e-05  0.000640961  -0.00882167  -0.00584058 -4.68691e-06 -4.98646e-07 -1.44106e-20  1.95161e-18  5.95091e-07  7.18944e-08 -2.11484e-06 -1.51949e-08    0.0566538  3.58513e-08 -1.36464e-07  1.10806e-08
-2.61406e-08  4.82788e-07 -1.43399e-09  2.38904e-09   8.2531e-09     3.59e-07   0.00107079  5.94765e-05  3.39845e-05  0.000406245   -0.0066984   0.00643196 -6.70662e-06  1.98139e-06  5.42785e-21 -3.68246e-18  6.78522e-07 -4.44076e-09 -6.91878e-07 -5.27294e-08  3.58513e-08     0.012076 -1.14419e-07 -8.27641e-08
-7.22442e-09  4.37739e-08 -9.48395e-10  3.71292e-10  5.68599e-10  5.69346e-08  2.07979e-05   2.0412e-05  2.65698e-06  8.34756e-06  -0.00392659   0.00260448 -2.79578e-06  1.21283e-07  1.67331e-21 -9.80381e-19    -1.32e-07 -7.15684e-07 -2.79326e-07 -1.08228e-08 -1.36464e-07 -1.14419e-07   0.00158945 -9.02893e-09
-5.58166e-08  4.27996e-08  -1.2508e-10  1.90162e-09  3.37389e-09  4.11689e-08  5.59581e-05  1.36193e-05  2.32253e-06  4.81295e-05 -0.000742536   0.00198608 -5.22891e-07   2.0899e-06  4.26992e-21 -8.10018e-19  7.36471e-08 -9.99446e-07 -7.70037e-08 -1.08402e-08  1.10806e-08 -8.27641e-08 -9.02893e-09   0.00314475
* row and column names
af_m
af_p
alpha_m
alpha_p
auf_m
auf_p
den_m
den_p
hc_l
hc_r
lh_i
lh_w
n_m
n_p
perm_m
perm_p
por_m
por_p
tcd_m
tcd_p
tcs_m
tcs_p
wr_m
wr_p
