    20    20     1
    0.316146 -5.77415e-06  7.07291e-10 -2.99597e-08  2.99706e-08  4.28839e-07 -0.000307574  4.33922e-06 -9.47395e-07 -1.12732e-06 -1.42708e-19  3.85232e-17  3.46516e-07  9.09362e-07  1.11681e-06 -2.44668e-08  3.21473e-06 -1.04629e-06   -1.968e-07 -6.19008e-09
-5.77415e-06     0.318487  1.33012e-08 -4.46533e-07  2.68342e-08 -7.40993e-06   -0.0047565 -0.000404458  3.58929e-05 -5.96817e-05 -7.52821e-19  4.07295e-16 -4.24056e-06  6.73957e-06  -6.5528e-07  2.29461e-07 -1.75035e-06  1.13147e-05  7.62065e-07 -5.72255e-07
 7.07291e-10  1.33012e-08  4.68315e-07  6.97172e-11 -2.09553e-11   2.4553e-09  6.91466e-07  8.18557e-08 -3.48287e-08  1.20863e-08  2.98964e-22 -5.92708e-20   3.4906e-09 -3.52328e-09 -1.88613e-10 -9.56376e-11 -2.95985e-10 -4.65453e-09 -1.11431e-09 -2.18773e-09
-2.99597e-08 -4.46533e-07  6.97172e-11  1.40388e-05 -7.48886e-10 -3.83583e-09 -3.76969e-05 -9.81579e-07  -6.0315e-08 -4.31859e-06  -1.8199e-20   1.4475e-18  1.81403e-08  9.98402e-07   3.7236e-08  4.75518e-10 -5.62901e-09  4.54173e-08 -2.34375e-09 -1.76128e-08
 2.99706e-08  2.68342e-08 -2.09553e-11 -7.48886e-10    0.0686867  5.65326e-08  4.67559e-05 -1.95218e-06 -2.19423e-07 -1.54289e-07  -4.6206e-21 -1.33759e-19  3.40483e-09  7.40561e-08  -1.8056e-07 -2.45478e-09 -7.36262e-08 -9.34389e-08 -1.91819e-08 -3.31947e-08
 4.28839e-07 -7.40993e-06   2.4553e-09 -3.83583e-09  5.65326e-08    0.0333401  -0.00184521 -8.96726e-05  1.22995e-05 -4.50457e-06     5.83e-20   1.9182e-17 -1.38213e-06  -1.3657e-06  1.95386e-06  1.10029e-07  -2.1719e-06  4.79129e-06  7.02182e-07  5.39903e-07
-0.000307574   -0.0047565  6.91466e-07 -3.76969e-05  4.67559e-05  -0.00184521       225622   -0.0639102   0.00540268  -0.00992553  6.24015e-17 -8.59817e-15  -0.00116638  0.000303621   0.00325817   6.8513e-05 -0.000857852   0.00331193  0.000319289 -0.000178569
 4.33922e-06 -0.000404458  8.18557e-08 -9.81579e-07 -1.95218e-06 -8.96726e-05   -0.0639102       113906  0.000285179 -0.000481766 -9.20702e-19   7.9137e-16 -4.14643e-05  5.25992e-05 -2.99247e-05  3.08717e-06  -7.0951e-05  0.000141793  1.06449e-05    1.226e-05
-9.47395e-07  3.58929e-05 -3.48287e-08  -6.0315e-08 -2.19423e-07  1.22995e-05   0.00540268  0.000285179     0.262495 -1.18437e-05  2.25615e-19 -1.65184e-16  1.77536e-05  4.81701e-06 -8.20342e-06 -5.03948e-07  3.05225e-06 -2.39625e-05 -4.73825e-06 -9.28043e-06
-1.12732e-06 -5.96817e-05  1.20863e-08 -4.31859e-06 -1.54289e-07 -4.50457e-06  -0.00992553 -0.000481766 -1.18437e-05     0.261732 -3.35017e-18 -2.99827e-16 -7.06155e-08  0.000212729  3.52343e-06  1.22281e-07 -7.40329e-06  9.06904e-06  1.84261e-07  2.16823e-06
-1.42708e-19 -7.52821e-19  2.98964e-22  -1.8199e-20  -4.6206e-21     5.83e-20  6.24015e-17 -9.20702e-19  2.25615e-19 -3.35017e-18  1.40621e-27  3.32753e-30  7.73799e-21  1.02278e-18 -1.81916e-19 -3.21355e-21  1.53676e-19 -1.25733e-19 -1.45399e-20  1.80934e-20
 3.85232e-17  4.07295e-16 -5.92708e-20   1.4475e-18 -1.33759e-19   1.9182e-17 -8.59817e-15   7.9137e-16 -1.65184e-16 -2.99827e-16  3.32753e-30  4.01989e-22  1.12532e-17  9.32424e-17  2.80511e-17 -5.59548e-19  -1.1381e-17 -2.74871e-17 -6.60313e-19  1.56623e-17
 3.46516e-07 -4.24056e-06   3.4906e-09  1.81403e-08  3.40483e-09 -1.38213e-06  -0.00116638 -4.14643e-05  1.77536e-05 -7.06155e-08  7.73799e-21  1.12532e-17    0.0325246  1.38834e-07  2.91705e-07  5.02354e-08 -2.61419e-06  2.14392e-06 -2.37136e-06  1.30783e-06
 9.09362e-07  6.73957e-06 -3.52328e-09  9.98402e-07  7.40561e-08  -1.3657e-06  0.000303621  5.25992e-05  4.81701e-06  0.000212729  1.02278e-18  9.32424e-17  1.38834e-07     0.057066  1.39816e-06  5.67099e-08  -7.1247e-07  1.33454e-06  4.63522e-07  -7.9099e-06
 1.11681e-06  -6.5528e-07 -1.88613e-10   3.7236e-08  -1.8056e-07  1.95386e-06   0.00325817 -2.99247e-05 -8.20342e-06  3.52343e-06 -1.81916e-19  2.80511e-17  2.91705e-07  1.39816e-06     0.136263  -1.0241e-07 -1.86398e-06 -3.92072e-06 -7.64011e-07 -8.23854e-08
-2.44668e-08  2.29461e-07 -9.56376e-11  4.75518e-10 -2.45478e-09  1.10029e-07   6.8513e-05  3.08717e-06 -5.03948e-07  1.22281e-07 -3.21355e-21 -5.59548e-19  5.02354e-08  5.67099e-08  -1.0241e-07   0.00143518  8.60561e-08 -1.95472e-07 -2.87747e-08 -2.56569e-08
 3.21473e-06 -1.75035e-06 -2.95985e-10 -5.62901e-09 -7.36262e-08  -2.1719e-06 -0.000857852  -7.0951e-05  3.05225e-06 -7.40329e-06  1.53676e-19  -1.1381e-17 -2.61419e-06  -7.1247e-07 -1.86398e-06  8.60561e-08     0.127468  3.93181e-06  2.23121e-07 -2.03764e-07
-1.04629e-06  1.13147e-05 -4.65453e-09  4.54173e-08 -9.34389e-08  4.79129e-06   0.00331193  0.000141793 -2.39625e-05  9.06904e-06 -1.25733e-19 -2.74871e-17  2.14392e-06  1.33454e-06 -3.92072e-06 -1.95472e-07  3.93181e-06    0.0271631 -1.30221e-06 -8.28383e-07
  -1.968e-07  7.62065e-07 -1.11431e-09 -2.34375e-09 -1.91819e-08  7.02182e-07  0.000319289  1.06449e-05 -4.73825e-06  1.84261e-07 -1.45399e-20 -6.60313e-19 -2.37136e-06  4.63522e-07 -7.64011e-07 -2.87747e-08  2.23121e-07 -1.30221e-06   0.00357585 -2.32738e-07
-6.19008e-09 -5.72255e-07 -2.18773e-09 -1.76128e-08 -3.31947e-08  5.39903e-07 -0.000178569    1.226e-05 -9.28043e-06  2.16823e-06  1.80934e-20  1.56623e-17  1.30783e-06  -7.9099e-06 -8.23854e-08 -2.56569e-08 -2.03764e-07 -8.28383e-07 -2.32738e-07   0.00707034
* row and column names
af_m
af_p
alpha_m
alpha_p
auf_m
auf_p
den_m
den_p
n_m
n_p
perm_m
perm_p
por_m
por_p
tcd_m
tcd_p
tcs_m
tcs_p
wr_m
wr_p
