    20    20     1
    0.316144 -5.06583e-06  5.46671e-10 -8.11872e-09  7.33571e-08   4.8109e-07 -2.70377e-06  5.76915e-09 -1.31773e-07  2.04896e-06   -2.851e-20  6.61803e-17  7.96562e-07 -5.61249e-07  3.95945e-07 -2.63152e-08    3.629e-06 -1.17834e-06 -1.58561e-07 -3.30012e-07
-5.06583e-06     0.318489  1.86446e-08 -4.91093e-07  2.73589e-07 -7.17109e-06  -0.00585331 -0.000448028  3.56632e-05 -7.59994e-05 -4.07707e-19  4.56245e-16 -5.35046e-06  8.42054e-06  4.04583e-08   2.7225e-07 -1.12528e-06  1.16774e-05  9.26035e-07 -2.28796e-06
 5.46671e-10  1.86446e-08  4.68301e-07  3.59693e-11  -1.3725e-10    4.714e-09  1.98544e-06  1.23683e-07 -5.47132e-08  7.69014e-09  1.96522e-22  -1.0946e-19  1.08528e-08 -1.59582e-09 -2.02013e-09 -2.15858e-10  3.75065e-10 -8.29369e-09 -2.10766e-09  -2.4873e-09
-8.11872e-09 -4.91093e-07  3.59693e-11  1.40408e-05  1.95206e-09 -1.66105e-08 -5.21124e-05 -2.20354e-06 -7.83519e-08 -4.01757e-06 -2.33048e-20  1.63747e-18  3.02827e-08  9.19846e-07 -8.90828e-09  5.54022e-10 -3.19848e-08  5.41284e-08 -3.20193e-09 -2.51195e-08
 7.33571e-08  2.73589e-07  -1.3725e-10  1.95206e-09    0.0686867  5.31099e-10  2.46861e-05  1.08553e-06 -2.34411e-07  3.08915e-07  1.38228e-20 -5.78333e-19  6.49156e-10 -7.21256e-08 -9.37618e-08 -4.01824e-10 -1.34398e-07 -8.30349e-09 -1.26682e-08  3.15398e-09
  4.8109e-07 -7.17109e-06    4.714e-09 -1.66105e-08  5.31099e-10    0.0333402  -0.00196031 -6.09452e-05  1.17871e-05 -5.77276e-06  1.62823e-19  2.34111e-17 -3.21784e-06 -1.03316e-06  1.64017e-06  1.20835e-07 -1.94762e-06  4.74847e-06  7.38987e-07  4.11837e-07
-2.70377e-06  -0.00585331  1.98544e-06 -5.21124e-05  2.46861e-05  -0.00196031       225622   -0.0424578   0.00574787   -0.0110478  7.23778e-17 -7.30605e-15  -0.00236932  0.000516128   0.00263126  8.36881e-05 -0.000723783   0.00353857  0.000337675 -9.96938e-05
 5.76915e-09 -0.000448028  1.23683e-07 -2.20354e-06  1.08553e-06 -6.09452e-05   -0.0424578       113906  0.000250409 -0.000376792 -1.65773e-18  1.93019e-15 -3.08581e-05   2.1062e-05 -1.42503e-05  2.66535e-06 -5.60913e-06  0.000104773  7.68961e-06 -1.20726e-05
-1.31773e-07  3.56632e-05 -5.47132e-08 -7.83519e-08 -2.34411e-07  1.17871e-05   0.00574787  0.000250409     0.262505 -1.47348e-05 -1.20708e-19 -2.18247e-16  2.95214e-05  3.77616e-06 -6.67304e-06 -5.30366e-07  1.76781e-06 -2.25682e-05 -4.81613e-06 -6.61975e-06
 2.04896e-06 -7.59994e-05  7.69014e-09 -4.01757e-06  3.08915e-07 -5.77276e-06   -0.0110478 -0.000376792 -1.47348e-05     0.261824 -4.73845e-18 -6.63737e-17   1.9713e-06  0.000187437  5.70745e-07  1.68979e-07 -9.55492e-06  9.09942e-06 -2.27407e-07 -1.21551e-06
  -2.851e-20 -4.07707e-19  1.96522e-22 -2.33048e-20  1.38228e-20  1.62823e-19  7.23778e-17 -1.65773e-18 -1.20708e-19 -4.73845e-18  1.40615e-27 -3.02221e-30   1.6888e-19  1.40633e-18 -2.13396e-19 -7.41917e-21  1.10805e-19 -2.85705e-19 -4.28728e-20 -3.50085e-20
 6.61803e-17  4.56245e-16  -1.0946e-19  1.63747e-18 -5.78333e-19  2.34111e-17 -7.30605e-15  1.93019e-15 -2.18247e-16 -6.63737e-17 -3.02221e-30  4.01989e-22  1.42043e-17  5.81983e-17  2.03979e-17 -6.18257e-19 -4.22909e-17 -2.75807e-17 -2.73412e-18  2.05192e-17
 7.96562e-07 -5.35046e-06  1.08528e-08  3.02827e-08  6.49156e-10 -3.21784e-06  -0.00236932 -3.08581e-05  2.95214e-05   1.9713e-06   1.6888e-19  1.42043e-17    0.0325215 -1.14155e-06   2.7695e-06  1.39435e-07 -2.70255e-06  5.46146e-06 -1.51986e-06  1.61511e-06
-5.61249e-07  8.42054e-06 -1.59582e-09  9.19846e-07 -7.21256e-08 -1.03316e-06  0.000516128   2.1062e-05  3.77616e-06  0.000187437  1.40633e-18  5.81983e-17 -1.14155e-06    0.0570695  1.15873e-06  4.79178e-08  1.37245e-07   1.1072e-06  5.00879e-07 -8.35097e-06
 3.95945e-07  4.04583e-08 -2.02013e-09 -8.90828e-09 -9.37618e-08  1.64017e-06   0.00263126 -1.42503e-05 -6.67304e-06  5.70745e-07 -2.13396e-19  2.03979e-17   2.7695e-06  1.15873e-06     0.136267 -7.34746e-08 -1.87097e-06 -3.06165e-06 -6.60011e-07 -3.03569e-07
-2.63152e-08   2.7225e-07 -2.15858e-10  5.54022e-10 -4.01824e-10  1.20835e-07  8.36881e-05  2.66535e-06 -5.30366e-07  1.68979e-07 -7.41917e-21 -6.18257e-19  1.39435e-07  4.79178e-08 -7.34746e-08   0.00143517  8.61622e-08 -2.18802e-07 -3.40467e-08 -2.58768e-08
   3.629e-06 -1.12528e-06  3.75065e-10 -3.19848e-08 -1.34398e-07 -1.94762e-06 -0.000723783 -5.60913e-06  1.76781e-06 -9.55492e-06  1.10805e-19 -4.22909e-17 -2.70255e-06  1.37245e-07 -1.87097e-06  8.61622e-08     0.127469  3.61826e-06  2.12239e-07  4.20481e-08
-1.17834e-06  1.16774e-05 -8.29369e-09  5.41284e-08 -8.30349e-09  4.74847e-06   0.00353857  0.000104773 -2.25682e-05  9.09942e-06 -2.85705e-19 -2.75807e-17  5.46146e-06   1.1072e-06 -3.06165e-06 -2.18802e-07  3.61826e-06    0.0271632 -1.34646e-06 -8.34739e-07
-1.58561e-07  9.26035e-07 -2.10766e-09 -3.20193e-09 -1.26682e-08  7.38987e-07  0.000337675  7.68961e-06 -4.81613e-06 -2.27407e-07 -4.28728e-20 -2.73412e-18 -1.51986e-06  5.00879e-07 -6.60011e-07 -3.40467e-08  2.12239e-07 -1.34646e-06   0.00357589 -2.36344e-07
-3.30012e-07 -2.28796e-06  -2.4873e-09 -2.51195e-08  3.15398e-09  4.11837e-07 -9.96938e-05 -1.20726e-05 -6.61975e-06 -1.21551e-06 -3.50085e-20  2.05192e-17  1.61511e-06 -8.35097e-06 -3.03569e-07 -2.58768e-08  4.20481e-08 -8.34739e-07 -2.36344e-07   0.00707088
* row and column names
af_m
af_p
alpha_m
alpha_p
auf_m
auf_p
den_m
den_p
n_m
n_p
perm_m
perm_p
por_m
por_p
tcd_m
tcd_p
tcs_m
tcs_p
wr_m
wr_p
