    20    20     1
    0.316146 -3.41372e-06 -2.61364e-10  -1.9835e-08  3.46287e-08  7.11872e-07 -0.000190317  8.00864e-07 -2.06992e-06 -6.77931e-07 -1.54122e-19  2.36365e-18  1.18392e-06  5.23643e-07  1.19263e-06 -4.00659e-08  3.60962e-06  -1.3985e-06 -2.34743e-07 -3.48488e-07
-3.41372e-06      0.31849   1.6159e-08 -4.91191e-07 -1.61321e-08 -6.65483e-06  -0.00486676 -0.000427228  3.49476e-05 -7.09727e-05 -9.67637e-19  1.36258e-16 -4.46289e-06  7.64354e-06   8.5639e-07  1.78674e-07  9.14172e-08  1.16203e-05  9.79207e-07 -2.09295e-06
-2.61364e-10   1.6159e-08  4.68303e-07  2.26662e-11 -2.31734e-11  4.18316e-09  1.48485e-06  1.14347e-07 -5.22818e-08  5.07751e-09  3.35395e-22  8.97734e-22  9.95034e-09 -1.41821e-09 -2.24844e-09 -1.74352e-10  -6.3656e-11 -7.69466e-09 -2.05532e-09 -2.64696e-09
 -1.9835e-08 -4.91191e-07  2.26662e-11  1.40403e-05 -3.11632e-10  -1.4745e-08 -4.40588e-05 -2.20263e-06 -8.67279e-08 -4.20306e-06 -2.46724e-20  1.94898e-19  3.26278e-08   9.4751e-07  4.07245e-09  2.01971e-10 -1.96605e-08  4.90691e-08 -3.13843e-09 -2.95654e-08
 3.46287e-08 -1.61321e-08 -2.31734e-11 -3.11632e-10    0.0686867  9.14722e-09  3.03468e-05 -2.51118e-07 -7.62983e-08 -4.48944e-08 -1.87345e-21  2.65842e-19  1.95349e-08  1.55067e-08 -9.24746e-08 -4.03068e-10 -7.64983e-08 -1.65789e-08 -7.78289e-09 -3.69916e-09
 7.11872e-07 -6.65483e-06  4.18316e-09  -1.4745e-08  9.14722e-09    0.0333402  -0.00191006 -5.77012e-05  1.16962e-05 -5.06364e-06   1.0087e-19  9.24612e-18 -3.20122e-06 -1.00355e-06  1.85543e-06  1.13213e-07  -2.1427e-06  4.81509e-06   7.4647e-07  5.07516e-07
-0.000190317  -0.00486676  1.48485e-06 -4.40588e-05  3.03468e-05  -0.00191006       225622   -0.0388298   0.00542999  -0.00997359  1.01038e-16 -1.39976e-15  -0.00244689  0.000342051   0.00293413  8.02685e-05 -0.000845086   0.00346285  0.000333649 -8.26226e-05
 8.00864e-07 -0.000427228  1.14347e-07 -2.20263e-06 -2.51118e-07 -5.77012e-05   -0.0388298       113906   0.00024441 -0.000364853 -3.53094e-18  5.21015e-16 -2.82518e-05  2.15317e-05 -5.50384e-06  2.22017e-06  -5.2761e-06  0.000103718  8.35744e-06 -9.31365e-06
-2.06992e-06  3.49476e-05 -5.22818e-08 -8.67279e-08 -7.62983e-08  1.16962e-05   0.00542999   0.00024441     0.262501 -1.69973e-05  2.87074e-19 -2.11666e-17   2.9364e-05   3.4626e-06 -7.74715e-06 -4.81876e-07  1.74171e-06 -2.31856e-05 -5.05451e-06   -7.605e-06
-6.77931e-07 -7.09727e-05  5.07751e-09 -4.20306e-06 -4.48944e-08 -5.06364e-06  -0.00997359 -0.000364853 -1.69973e-05     0.261784 -4.54925e-18 -2.62843e-16   1.7662e-06  0.000196491  3.07535e-06  1.54852e-07 -8.88312e-06  8.40173e-06 -2.51516e-07 -1.81313e-06
-1.54122e-19 -9.67637e-19  3.35395e-22 -2.46724e-20 -1.87345e-21   1.0087e-19  1.01038e-16 -3.53094e-18  2.87074e-19 -4.54925e-18  1.40617e-27  -8.2665e-32  1.07273e-19  1.29602e-18 -1.96908e-19 -5.69677e-21  2.03215e-19 -1.97416e-19  -3.2503e-20 -4.25672e-20
 2.36365e-18  1.36258e-16  8.97734e-22  1.94898e-19  2.65842e-19  9.24612e-18 -1.39976e-15  5.21015e-16 -2.11666e-17 -2.62843e-16  -8.2665e-32  4.01991e-22   4.2919e-18  9.41301e-17  1.77719e-17  2.21306e-19  8.47293e-18 -1.48383e-17  1.18967e-18  1.83896e-17
 1.18392e-06 -4.46289e-06  9.95034e-09  3.26278e-08  1.95349e-08 -3.20122e-06  -0.00244689 -2.82518e-05   2.9364e-05   1.7662e-06  1.07273e-19   4.2919e-18    0.0325217 -7.96986e-07  2.98813e-06  1.33784e-07 -3.14743e-06  5.52249e-06 -1.51648e-06  1.81995e-06
 5.23643e-07  7.64354e-06 -1.41821e-09   9.4751e-07  1.55067e-08 -1.00355e-06  0.000342051  2.15317e-05   3.4626e-06  0.000196491  1.29602e-18  9.41301e-17 -7.96986e-07    0.0570688  7.94962e-07  3.40729e-08  8.42466e-08  1.17424e-06  4.77967e-07 -7.92953e-06
 1.19263e-06   8.5639e-07 -2.24844e-09  4.07245e-09 -9.24746e-08  1.85543e-06   0.00293413 -5.50384e-06 -7.74715e-06  3.07535e-06 -1.96908e-19  1.77719e-17  2.98813e-06  7.94962e-07     0.136266  -8.2314e-08 -1.68194e-06 -3.41733e-06 -7.23128e-07 -2.64285e-07
-4.00659e-08  1.78674e-07 -1.74352e-10  2.01971e-10 -4.03068e-10  1.13213e-07  8.02685e-05  2.22017e-06 -4.81876e-07  1.54852e-07 -5.69677e-21  2.21306e-19  1.33784e-07  3.40729e-08  -8.2314e-08   0.00143518  9.90326e-08 -2.07721e-07 -3.27031e-08 -3.05616e-08
 3.60962e-06  9.14172e-08  -6.3656e-11 -1.96605e-08 -7.64983e-08  -2.1427e-06 -0.000845086  -5.2761e-06  1.74171e-06 -8.88312e-06  2.03215e-19  8.47293e-18 -3.14743e-06  8.42466e-08 -1.68194e-06  9.90326e-08     0.127468  3.84841e-06  2.23742e-07  1.83524e-07
 -1.3985e-06  1.16203e-05 -7.69466e-09  4.90691e-08 -1.65789e-08  4.81509e-06   0.00346285  0.000103718 -2.31856e-05  8.40173e-06 -1.97416e-19 -1.48383e-17  5.52249e-06  1.17424e-06 -3.41733e-06 -2.07721e-07  3.84841e-06    0.0271629   -1.396e-06 -9.75585e-07
-2.34743e-07  9.79207e-07 -2.05532e-09 -3.13843e-09 -7.78289e-09   7.4647e-07  0.000333649  8.35744e-06 -5.05451e-06 -2.51516e-07  -3.2503e-20  1.18967e-18 -1.51648e-06  4.77967e-07 -7.23128e-07 -3.27031e-08  2.23742e-07   -1.396e-06   0.00357587 -2.59838e-07
-3.48488e-07 -2.09295e-06 -2.64696e-09 -2.95654e-08 -3.69916e-09  5.07516e-07 -8.26226e-05 -9.31365e-06   -7.605e-06 -1.81313e-06 -4.25672e-20  1.83896e-17  1.81995e-06 -7.92953e-06 -2.64285e-07 -3.05616e-08  1.83524e-07 -9.75585e-07 -2.59838e-07   0.00707065
* row and column names
af_m
af_p
alpha_m
alpha_p
auf_m
auf_p
den_m
den_p
n_m
n_p
perm_m
perm_p
por_m
por_p
tcd_m
tcd_p
tcs_m
tcs_p
wr_m
wr_p
