    20    20     1
    0.316146 -1.70161e-06 -7.45989e-10 -1.90234e-08 -2.27462e-08  6.78549e-07 -0.000355764  -6.4683e-05 -2.70099e-06 -3.55808e-06 -4.62683e-20 -9.24492e-19  9.73388e-07  1.30434e-06  8.12758e-07  -4.2787e-08  2.93982e-06 -1.45452e-06 -2.49429e-07  -2.6853e-07
-1.70161e-06     0.318499  1.82963e-08 -5.50084e-07  8.71151e-07 -6.11289e-06  -0.00472904  0.000714864  3.54919e-05 -7.40969e-05 -8.31434e-19 -1.18441e-16  -4.0298e-06   8.5221e-06 -4.09395e-07  2.96572e-07   3.6438e-07  1.12781e-05  1.02723e-06 -1.94037e-06
-7.45989e-10  1.82963e-08    4.683e-07  6.45273e-11 -4.25732e-10  4.53905e-09  1.60392e-06 -3.78204e-07 -5.74081e-08  3.32743e-09  3.54287e-22  8.07834e-20  1.00814e-08 -9.79064e-10 -2.44347e-09 -2.53156e-10 -3.21924e-10 -8.91868e-09 -2.29614e-09 -2.51819e-09
-1.90234e-08 -5.50084e-07  6.45273e-11   1.4041e-05  4.94475e-09 -2.17648e-08 -4.21421e-05  4.24895e-06 -6.55801e-09 -3.85143e-06 -1.89383e-20 -4.80928e-19  2.60189e-08  8.62328e-07 -1.08881e-08  8.82332e-10 -9.36747e-09  6.13688e-08 -4.85192e-10 -2.32497e-08
-2.27462e-08  8.71151e-07 -4.25732e-10  4.94475e-09    0.0686867  4.32134e-08 -5.82591e-05 -7.87877e-05 -7.59058e-07 -7.50181e-07  3.52246e-20  9.67776e-18  1.42704e-08  2.65175e-07 -1.24058e-07 -7.25745e-09 -2.73961e-07 -1.54911e-07 -3.45119e-08   3.4181e-11
 6.78549e-07 -6.11289e-06  4.53905e-09 -2.17648e-08  4.32134e-08    0.0333404  -0.00196129 -1.70056e-05   1.1605e-05 -6.10018e-06  8.76314e-20 -9.30889e-18 -2.97129e-06 -4.29855e-07  1.73905e-06   1.2277e-07 -1.99487e-06  4.61563e-06  7.27581e-07  5.20431e-07
-0.000355764  -0.00472904  1.60392e-06 -4.21421e-05 -5.82591e-05  -0.00196129       225622    -0.152931    0.0053232   -0.0112552   1.6402e-16   1.2695e-14  -0.00238598  0.000741011   0.00276483  8.07285e-05  -0.00110415   0.00344918  0.000323962 -1.74388e-05
 -6.4683e-05  0.000714864 -3.78204e-07  4.24895e-06 -7.87877e-05 -1.70056e-05    -0.152931       113906 -0.000602849  -0.00127556  4.38293e-17  1.17156e-14 -3.27332e-05  0.000342671 -6.04115e-05 -5.71294e-06 -0.000261356 -6.61624e-05 -2.45341e-05 -4.22505e-06
-2.70099e-06  3.54919e-05 -5.74081e-08 -6.55801e-09 -7.59058e-07   1.1605e-05    0.0053232 -0.000602849     0.262495 -1.67587e-05  3.85546e-19  1.35843e-16  2.86611e-05  2.65154e-06 -7.50117e-06 -6.10503e-07  1.07475e-06 -2.36638e-05  -5.2553e-06 -6.74497e-06
-3.55808e-06 -7.40969e-05  3.32743e-09 -3.85143e-06 -7.50181e-07 -6.10018e-06   -0.0112552  -0.00127556 -1.67587e-05      0.26186  -2.6536e-18 -6.77559e-18  1.64398e-06  0.000178321 -1.12224e-06  1.02085e-07 -9.45517e-06  8.52305e-06 -4.94446e-07 -7.42273e-07
-4.62683e-20 -8.31434e-19  3.54287e-22 -1.89383e-20  3.52246e-20  8.76314e-20   1.6402e-16  4.38293e-17  3.85546e-19  -2.6536e-18  1.40618e-27  -5.5306e-30  5.84962e-20  7.41372e-19 -1.88064e-19 -1.32327e-21  2.14305e-19 -1.12794e-19 -2.14986e-20 -2.51908e-20
-9.24492e-19 -1.18441e-16  8.07834e-20 -4.80928e-19  9.67776e-18 -9.30889e-18   1.2695e-14  1.17156e-14  1.35843e-16 -6.77559e-18  -5.5306e-30  4.01992e-22 -4.06874e-19  5.09795e-19  1.77234e-17   1.2215e-18  4.40865e-17  2.40094e-17  7.33303e-18  1.17488e-17
 9.73388e-07  -4.0298e-06  1.00814e-08  2.60189e-08  1.42704e-08 -2.97129e-06  -0.00238598 -3.27332e-05  2.86611e-05  1.64398e-06  5.84962e-20 -4.06874e-19     0.032522 -5.16536e-07  2.91937e-06  1.34004e-07 -2.97977e-06  5.16704e-06 -1.57325e-06  1.53099e-06
 1.30434e-06   8.5221e-06 -9.79064e-10  8.62328e-07  2.65175e-07 -4.29855e-07  0.000741011  0.000342671  2.65154e-06  0.000178321  7.41372e-19  5.09795e-19 -5.16536e-07    0.0570715  1.43424e-06   5.8913e-08  3.21282e-07  9.11045e-07  4.44085e-07 -8.67708e-06
 8.12758e-07 -4.09395e-07 -2.44347e-09 -1.08881e-08 -1.24058e-07  1.73905e-06   0.00276483 -6.04115e-05 -7.50117e-06 -1.12224e-06 -1.88064e-19  1.77234e-17  2.91937e-06  1.43424e-06     0.136267 -9.34098e-08 -1.33175e-06 -3.44766e-06  -7.4732e-07 -4.41183e-07
 -4.2787e-08  2.96572e-07 -2.53156e-10  8.82332e-10 -7.25745e-09   1.2277e-07  8.07285e-05 -5.71294e-06 -6.10503e-07  1.02085e-07 -1.32327e-21   1.2215e-18  1.34004e-07   5.8913e-08 -9.34098e-08   0.00143517  7.79432e-08 -2.37549e-07 -3.87853e-08 -3.02204e-08
 2.93982e-06   3.6438e-07 -3.21924e-10 -9.36747e-09 -2.73961e-07 -1.99487e-06  -0.00110415 -0.000261356  1.07475e-06 -9.45517e-06  2.14305e-19  4.40865e-17 -2.97977e-06  3.21282e-07 -1.33175e-06  7.79432e-08     0.127468  3.53728e-06   1.8295e-07   1.0964e-07
-1.45452e-06  1.12781e-05 -8.91868e-09  6.13688e-08 -1.54911e-07  4.61563e-06   0.00344918 -6.61624e-05 -2.36638e-05  8.52305e-06 -1.12794e-19  2.40094e-17  5.16704e-06  9.11045e-07 -3.44766e-06 -2.37549e-07  3.53728e-06    0.0271632 -1.42845e-06 -9.20875e-07
-2.49429e-07  1.02723e-06 -2.29614e-09 -4.85192e-10 -3.45119e-08  7.27581e-07  0.000323962 -2.45341e-05  -5.2553e-06 -4.94446e-07 -2.14986e-20  7.33303e-18 -1.57325e-06  4.44085e-07  -7.4732e-07 -3.87853e-08   1.8295e-07 -1.42845e-06   0.00357587 -2.58674e-07
 -2.6853e-07 -1.94037e-06 -2.51819e-09 -2.32497e-08   3.4181e-11  5.20431e-07 -1.74388e-05 -4.22505e-06 -6.74497e-06 -7.42273e-07 -2.51908e-20  1.17488e-17  1.53099e-06 -8.67708e-06 -4.41183e-07 -3.02204e-08   1.0964e-07 -9.20875e-07 -2.58674e-07   0.00707097
* row and column names
af_m
af_p
alpha_m
alpha_p
auf_m
auf_p
den_m
den_p
n_m
n_p
perm_m
perm_p
por_m
por_p
tcd_m
tcd_p
tcs_m
tcs_p
wr_m
wr_p
