    20    20     1
    0.316147 -3.46723e-07 -9.66592e-10 -6.19224e-10  2.35664e-08   8.5558e-07  0.000181692  5.67944e-05 -1.61401e-06  9.32236e-07 -2.22856e-20  9.47655e-18  8.83434e-07  1.28339e-07  7.38705e-07 -7.04044e-08  2.80011e-06 -1.69021e-06 -2.20955e-07 -2.31372e-07
-3.46723e-07     0.318532  8.27614e-09 -1.85525e-07 -7.72903e-08 -5.13957e-06  -0.00352725 -0.000370638  2.44672e-05 -3.72132e-05 -2.63339e-20  1.11094e-16 -2.98477e-06  1.06107e-06 -3.18512e-06  4.12426e-07 -1.91514e-06  9.07549e-06  5.41488e-07 -2.82482e-07
-9.66592e-10  8.27614e-09  4.68307e-07   1.4357e-11  1.41031e-11  4.28313e-09  1.83702e-06  2.23975e-07 -4.51509e-08  1.95715e-09  -1.6771e-22  -2.2906e-20   9.2928e-09  8.77808e-10 -2.24433e-10 -3.73876e-10  2.59866e-09  -8.4531e-09 -2.11384e-09  -1.3457e-09
-6.19224e-10 -1.85525e-07   1.4357e-11  1.40516e-05 -9.39112e-10 -1.46431e-08 -2.87603e-05 -2.39316e-07  4.72926e-08 -1.69282e-06 -2.20437e-21  3.99441e-19 -7.58462e-09  4.98066e-07 -7.33819e-09  1.46509e-09 -2.51002e-08  4.76858e-08  7.76935e-10  2.43275e-08
 2.35664e-08 -7.72903e-08  1.41031e-11 -9.39112e-10    0.0686867 -1.56656e-08  9.28615e-07 -8.74802e-07  5.86063e-08 -1.67235e-07 -6.28635e-22 -1.31987e-20 -8.30514e-11  2.76375e-08 -4.83843e-08  1.33783e-09 -5.27976e-08  3.50005e-08  7.59415e-10  2.67328e-09
  8.5558e-07 -5.13957e-06  4.28313e-09 -1.46431e-08 -1.56656e-08    0.0333399  -0.00225619 -0.000228361  8.96216e-06 -5.66295e-06  6.94952e-20  1.23803e-18 -3.53424e-06 -7.01912e-07   5.2703e-07  2.43093e-07 -4.01759e-06  5.63861e-06  7.13175e-07  6.14023e-07
 0.000181692  -0.00352725  1.83702e-06 -2.87603e-05  9.28615e-07  -0.00225619       225622    -0.148608   0.00298552  -0.00693993  4.39668e-17 -7.56599e-15  -0.00259771 -2.22076e-05   0.00166993  0.000178127  -0.00290703   0.00424665  0.000305863  0.000328406
 5.67944e-05 -0.000370638  2.23975e-07 -2.39316e-07 -8.74802e-07 -0.000228361    -0.148608       113906  0.000510373 -0.000272173  4.02274e-18  4.04457e-16 -0.000218463 -9.11038e-05  3.58711e-06  1.60589e-05  -0.00018388  0.000331155  3.49402e-05  2.41808e-05
-1.61401e-06  2.44672e-05 -4.51509e-08  4.72926e-08  5.86063e-08  8.96216e-06   0.00298552  0.000510373     0.262515   3.0741e-06 -3.74713e-19 -9.53222e-17  2.48389e-05   1.7487e-06  2.68022e-06 -7.55709e-07  3.65525e-06 -1.91973e-05 -4.13076e-06  -2.8039e-06
 9.32236e-07 -3.72132e-05  1.95715e-09 -1.69282e-06 -1.67235e-07 -5.66295e-06  -0.00693993 -0.000272173   3.0741e-06     0.262339 -3.76247e-19 -1.01544e-17  -2.1043e-06  8.57051e-05 -1.73919e-06  4.24274e-07 -8.57645e-06   9.6675e-06  7.19772e-08  5.54687e-06
-2.22856e-20 -2.63339e-20  -1.6771e-22 -2.20437e-21 -6.28635e-22  6.94952e-20  4.39668e-17  4.02274e-18 -3.74713e-19 -3.76247e-19  1.40624e-27  2.32004e-31  1.36648e-19  1.27906e-19 -6.23463e-20 -5.25445e-21  7.24752e-20  -1.1979e-19 -3.15932e-20 -1.60646e-20
 9.47655e-18  1.11094e-16  -2.2906e-20  3.99441e-19 -1.31987e-20  1.23803e-18 -7.56599e-15  4.04457e-16 -9.53222e-17 -1.01544e-17  2.32004e-31  4.01994e-22 -5.53385e-18  3.09828e-17  1.94705e-17 -1.17039e-19 -3.00128e-17 -4.03133e-18  1.10523e-19  7.79705e-18
 8.83434e-07 -2.98477e-06   9.2928e-09 -7.58462e-09 -8.30514e-11 -3.53424e-06  -0.00259771 -0.000218463  2.48389e-05  -2.1043e-06  1.36648e-19 -5.53385e-18    0.0325238 -6.45401e-07  1.74073e-06  2.59932e-07 -4.76203e-06  5.95327e-06 -1.21478e-06  8.92586e-07
 1.28339e-07  1.06107e-06  8.77808e-10  4.98066e-07  2.76375e-08 -7.01912e-07 -2.22076e-05 -9.11038e-05   1.7487e-06  8.57051e-05  1.27906e-19  3.09828e-17 -6.45401e-07    0.0570781  2.79761e-07  4.72073e-08  -1.7674e-07  8.51434e-07  2.10024e-07 -1.09571e-05
 7.38705e-07 -3.18512e-06 -2.24433e-10 -7.33819e-09 -4.83843e-08   5.2703e-07   0.00166993  3.58711e-06  2.68022e-06 -1.73919e-06 -6.23463e-20  1.94705e-17  1.74073e-06  2.79761e-07     0.136269 -4.47577e-08  2.75765e-07 -1.08573e-06  -2.5038e-07 -2.07001e-07
-7.04044e-08  4.12426e-07 -3.73876e-10  1.46509e-09  1.33783e-09  2.43093e-07  0.000178127  1.60589e-05 -7.55709e-07  4.24274e-07 -5.25445e-21 -1.17039e-19  2.59932e-07  4.72073e-08 -4.47577e-08   0.00143516  3.14807e-07 -4.78055e-07 -5.87532e-08 -5.61965e-08
 2.80011e-06 -1.91514e-06  2.59866e-09 -2.51002e-08 -5.27976e-08 -4.01759e-06  -0.00290703  -0.00018388  3.65525e-06 -8.57645e-06  7.24752e-20 -3.00128e-17 -4.76203e-06  -1.7674e-07  2.75765e-07  3.14807e-07     0.127466  7.70802e-06  6.00974e-07  8.76303e-07
-1.69021e-06  9.07549e-06  -8.4531e-09  4.76858e-08  3.50005e-08  5.63861e-06   0.00424665  0.000331155 -1.91973e-05   9.6675e-06  -1.1979e-19 -4.03133e-18  5.95327e-06  8.51434e-07 -1.08573e-06 -4.78055e-07  7.70802e-06    0.0271601 -1.35179e-06 -1.36272e-06
-2.20955e-07  5.41488e-07 -2.11384e-09  7.76935e-10  7.59415e-10  7.13175e-07  0.000305863  3.49402e-05 -4.13076e-06  7.19772e-08 -3.15932e-20  1.10523e-19 -1.21478e-06  2.10024e-07  -2.5038e-07 -5.87532e-08  6.00974e-07 -1.35179e-06   0.00357589 -2.07105e-07
-2.31372e-07 -2.82482e-07  -1.3457e-09  2.43275e-08  2.67328e-09  6.14023e-07  0.000328406  2.41808e-05  -2.8039e-06  5.54687e-06 -1.60646e-20  7.79705e-18  8.92586e-07 -1.09571e-05 -2.07001e-07 -5.61965e-08  8.76303e-07 -1.36272e-06 -2.07105e-07   0.00707268
* row and column names
af_m
af_p
alpha_m
alpha_p
auf_m
auf_p
den_m
den_p
n_m
n_p
perm_m
perm_p
por_m
por_p
tcd_m
tcd_p
tcs_m
tcs_p
wr_m
wr_p
