    20    20     1
    0.316147 -7.46789e-07 -7.36005e-10 -3.79398e-09  1.43829e-08  8.08153e-07  0.000287009 -2.98983e-06 -2.84099e-06  5.46672e-07 -2.64165e-20  1.10558e-17  7.69531e-07  2.10428e-07  3.98816e-07 -5.28878e-08  2.81357e-06 -1.69741e-06 -2.37187e-07  -2.6583e-07
-7.46789e-07     0.318527   9.6355e-09  -2.6266e-07 -7.18187e-08 -4.56297e-06  -0.00340498 -0.000506652  2.95934e-05 -4.33786e-05 -2.78128e-19  3.90906e-17 -3.52752e-06  2.34538e-06 -2.80095e-06  3.19309e-07 -1.40938e-06  9.09057e-06  7.49395e-07 -9.34821e-07
-7.36005e-10   9.6355e-09   4.6831e-07  1.65991e-11 -1.46209e-11  3.53929e-09  1.86228e-06  1.44868e-07 -4.71206e-08  1.04329e-09  4.23594e-23  3.05201e-21  6.96273e-09  4.78359e-10  -1.5927e-09 -2.51356e-10  1.44264e-09 -7.58787e-09 -1.76339e-09 -1.26326e-09
-3.79398e-09  -2.6266e-07  1.65991e-11  1.40476e-05 -2.34354e-10 -5.96815e-09 -2.38122e-05 -1.28107e-06  3.11969e-08 -2.48537e-06 -6.84486e-21 -8.29818e-19  4.88577e-09  6.57203e-07 -1.77514e-08  6.47627e-10  -1.2513e-08  3.25565e-08 -2.22717e-09  1.61489e-08
 1.43829e-08 -7.18187e-08 -1.46209e-11 -2.34354e-10    0.0686867 -5.07779e-09  1.72626e-05 -7.59674e-06 -3.04576e-08 -1.08076e-07   2.0548e-21  1.81729e-18  3.06439e-09  7.66431e-09 -9.97688e-08 -1.23809e-10 -6.40853e-08 -1.61666e-09 -6.34222e-09 -5.11674e-09
 8.08153e-07 -4.56297e-06  3.53929e-09 -5.96815e-09 -5.07779e-09    0.0333406  -0.00201004 -9.97286e-05  1.19339e-05 -3.55818e-06  4.51173e-20  2.91034e-18 -2.48922e-06 -7.19498e-07  1.38743e-06  1.51727e-07 -2.72948e-06  4.67685e-06  6.76918e-07   5.3162e-07
 0.000287009  -0.00340498  1.86228e-06 -2.38122e-05  1.72626e-05  -0.00201004       225622   -0.0677361   0.00663123  -0.00606522  4.82581e-17 -7.53128e-15  -0.00229037 -0.000122781   0.00298065  0.000128805  -0.00213341   0.00410402  0.000403752  0.000302845
-2.98983e-06 -0.000506652  1.44868e-07 -1.28107e-06 -7.59674e-06 -9.97286e-05   -0.0677361       113906  0.000434492 -0.000375202  2.43299e-18  2.91969e-15 -5.17944e-05 -3.06371e-05 -6.29154e-05  5.93452e-06  -2.6907e-05  0.000173808  1.40041e-05 -6.77815e-06
-2.84099e-06  2.95934e-05 -4.71206e-08  3.11969e-08 -3.04576e-08  1.19339e-05   0.00663123  0.000434492     0.262467 -4.55053e-06  3.68117e-20 -1.67401e-17  2.61461e-05  2.77778e-06 -5.72025e-06 -8.11501e-07  5.27465e-06 -2.64582e-05 -5.52157e-06 -4.09926e-06
 5.46672e-07 -4.33786e-05  1.04329e-09 -2.48537e-06 -1.08076e-07 -3.55818e-06  -0.00606522 -0.000375202 -4.55053e-06     0.262177 -9.71107e-19 -1.60103e-16  8.19733e-08  0.000119893 -2.46589e-06  2.28852e-07  -6.6133e-06  6.22338e-06 -2.55131e-07  4.60429e-06
-2.64165e-20 -2.78128e-19  4.23594e-23 -6.84486e-21   2.0548e-21  4.51173e-20  4.82581e-17  2.43299e-18  3.68117e-20 -9.71107e-19  1.40623e-27 -3.84557e-30  3.87419e-20  2.59128e-19 -8.11735e-20 -1.33101e-21  1.04489e-19 -6.33589e-20 -1.64277e-20 -1.22504e-20
 1.10558e-17  3.90906e-17  3.05201e-21 -8.29818e-19  1.81729e-18  2.91034e-18 -7.53128e-15  2.91969e-15 -1.67401e-17 -1.60103e-16 -3.84557e-30  4.01993e-22  4.87275e-18  5.61539e-17  3.15969e-17  4.54036e-19 -4.14412e-19  7.48423e-18  1.44186e-18  6.59851e-18
 7.69531e-07 -3.52752e-06  6.96273e-09  4.88577e-09  3.06439e-09 -2.48922e-06  -0.00229037 -5.17944e-05  2.61461e-05  8.19733e-08  3.87419e-20  4.87275e-18    0.0325239 -5.49179e-07  2.17464e-06  1.50721e-07 -3.32714e-06  4.69568e-06 -1.80414e-06  8.06305e-07
 2.10428e-07  2.34538e-06  4.78359e-10  6.57203e-07  7.66431e-09 -7.19498e-07 -0.000122781 -3.06371e-05  2.77778e-06  0.000119893  2.59128e-19  5.61539e-17 -5.49179e-07    0.0570722  8.27469e-07  4.14026e-08 -2.47783e-07   1.0087e-06  3.02445e-07 -1.15749e-05
 3.98816e-07 -2.80095e-06  -1.5927e-09 -1.77514e-08 -9.97688e-08  1.38743e-06   0.00298065 -6.29154e-05 -5.72025e-06 -2.46589e-06 -8.11735e-20  3.15969e-17  2.17464e-06  8.27469e-07     0.136266 -9.41583e-08  1.00474e-07 -3.15037e-06 -6.79176e-07 -5.30966e-07
-5.28878e-08  3.19309e-07 -2.51356e-10  6.47627e-10 -1.23809e-10  1.51727e-07  0.000128805  5.93452e-06 -8.11501e-07  2.28852e-07 -1.33101e-21  4.54036e-19  1.50721e-07  4.14026e-08 -9.41583e-08   0.00143517  1.68766e-07 -3.15208e-07 -4.54789e-08 -3.75003e-08
 2.81357e-06 -1.40938e-06  1.44264e-09  -1.2513e-08 -6.40853e-08 -2.72948e-06  -0.00213341  -2.6907e-05  5.27465e-06  -6.6133e-06  1.04489e-19 -4.14412e-19 -3.32714e-06 -2.47783e-07  1.00474e-07  1.68766e-07     0.127468  5.47906e-06  4.42441e-07  5.75621e-07
-1.69741e-06  9.09057e-06 -7.58787e-09  3.25565e-08 -1.61666e-09  4.67685e-06   0.00410402  0.000173808 -2.64582e-05  6.22338e-06 -6.33589e-20  7.48423e-18  4.69568e-06   1.0087e-06 -3.15037e-06 -3.15208e-07  5.47906e-06    0.0271623 -1.44455e-06 -1.19886e-06
-2.37187e-07  7.49395e-07 -1.76339e-09 -2.22717e-09 -6.34222e-09  6.76918e-07  0.000403752  1.40041e-05 -5.52157e-06 -2.55131e-07 -1.64277e-20  1.44186e-18 -1.80414e-06  3.02445e-07 -6.79176e-07 -4.54789e-08  4.42441e-07 -1.44455e-06   0.00357591 -2.17608e-07
 -2.6583e-07 -9.34821e-07 -1.26326e-09  1.61489e-08 -5.11674e-09   5.3162e-07  0.000302845 -6.77815e-06 -4.09926e-06  4.60429e-06 -1.22504e-20  6.59851e-18  8.06305e-07 -1.15749e-05 -5.30966e-07 -3.75003e-08  5.75621e-07 -1.19886e-06 -2.17608e-07   0.00707193
* row and column names
af_m
af_p
alpha_m
alpha_p
auf_m
auf_p
den_m
den_p
n_m
n_p
perm_m
perm_p
por_m
por_p
tcd_m
tcd_p
tcs_m
tcs_p
wr_m
wr_p
