    20    20     1
    0.316147 -5.10625e-07 -4.28609e-10  1.16132e-09  2.19935e-08  8.51845e-07  0.000265778 -2.51867e-05  -2.7114e-06   6.1522e-07 -3.00009e-20  1.82301e-17  8.66289e-07  9.81453e-08  5.93758e-07 -7.77098e-08  2.77064e-06 -1.54253e-06  -1.9336e-07 -2.47003e-07
-5.10625e-07     0.318534   9.4449e-09 -1.59629e-07 -4.88974e-08 -4.73659e-06  -0.00376865 -0.000918223  2.62294e-05 -3.47921e-05 -1.09795e-19  1.97882e-16  -2.7048e-06  7.32698e-07 -2.94467e-06  3.12876e-07 -2.40043e-06  1.02267e-05  8.56796e-07 -2.28547e-07
-4.28609e-10   9.4449e-09  4.68311e-07  1.85477e-11  8.87479e-12  3.32189e-09  1.63707e-06  2.77157e-07 -4.49569e-08  3.40772e-09 -1.73074e-23    -5.04e-20    6.546e-09  5.97538e-10 -1.88771e-10 -2.91976e-10  1.67636e-09 -7.34116e-09 -1.68292e-09 -9.90689e-10
 1.16132e-09 -1.59629e-07  1.85477e-11  1.40507e-05 -3.70101e-10 -9.98037e-09 -2.64051e-05  -3.8436e-06  3.96507e-08 -1.80612e-06 -2.03025e-21  6.76685e-19 -1.27065e-09  5.45776e-07  -1.0331e-08  1.00235e-09 -2.30482e-08  4.47629e-08   5.3086e-13  2.95585e-08
 2.19935e-08 -4.88974e-08  8.87479e-12 -3.70101e-10    0.0686867 -8.64078e-09  1.02943e-05 -1.12905e-06  1.50904e-08  -6.8824e-08 -4.93796e-22  1.37301e-19  5.06156e-10  6.09151e-09 -5.93959e-08  6.97774e-10 -4.66156e-08  2.32071e-08 -1.17472e-09  8.11724e-10
 8.51845e-07 -4.73659e-06  3.32189e-09 -9.98037e-09 -8.64078e-09    0.0333403  -0.00219606 -0.000146779  1.25523e-05 -5.08369e-06  4.15079e-20  9.76433e-18 -2.80492e-06 -5.89407e-07  8.74807e-07  2.13193e-07 -3.46926e-06  4.99853e-06  6.59351e-07  5.23164e-07
 0.000265778  -0.00376865  1.63707e-06 -2.64051e-05  1.02943e-05  -0.00219606       225622    -0.108784   0.00669475  -0.00650365  4.14992e-17  4.13041e-15  -0.00240074 -7.48743e-05   0.00222062  0.000176944  -0.00263449   0.00412296  0.000334412    0.0003146
-2.51867e-05 -0.000918223  2.77157e-07  -3.8436e-06 -1.12905e-06 -0.000146779    -0.108784       113906  0.000833804  -0.00079828  -3.6204e-18  1.01273e-14 -1.94599e-05 -1.49019e-05 -9.96291e-05   1.0298e-05  1.78776e-05  0.000309427  2.61673e-05 -7.83369e-06
 -2.7114e-06  2.62294e-05 -4.49569e-08  3.96507e-08  1.50904e-08  1.25523e-05   0.00669475  0.000833804     0.262459  3.00684e-06 -1.96157e-19 -1.41881e-16  2.73658e-05  3.09559e-06 -2.31691e-06 -1.01321e-06   7.4149e-06 -2.74908e-05 -5.79152e-06 -3.68504e-06
  6.1522e-07 -3.47921e-05  3.40772e-09 -1.80612e-06  -6.8824e-08 -5.08369e-06  -0.00650365  -0.00079828  3.00684e-06     0.262308 -3.47604e-19  9.29638e-17 -1.26292e-06  9.39524e-05 -1.95392e-06  3.12092e-07 -7.72406e-06  8.77104e-06  1.14002e-07  6.24442e-06
-3.00009e-20 -1.09795e-19 -1.73074e-23 -2.03025e-21 -4.93796e-22  4.15079e-20  4.14992e-17  -3.6204e-18 -1.96157e-19 -3.47604e-19  1.40625e-27  1.33199e-30  5.89894e-20  1.04742e-19 -7.57679e-20 -3.73787e-21  7.43997e-20 -6.92228e-20 -1.63463e-20 -8.52738e-21
 1.82301e-17  1.97882e-16    -5.04e-20  6.76685e-19  1.37301e-19  9.76433e-18  4.13041e-15  1.01273e-14 -1.41881e-16  9.29638e-17  1.33199e-30  4.01992e-22 -6.38816e-18   2.6788e-17  2.57621e-17 -7.57887e-20 -2.95249e-17 -2.65606e-17 -2.91297e-18  1.01711e-17
 8.66289e-07  -2.7048e-06    6.546e-09 -1.27065e-09  5.06156e-10 -2.80492e-06  -0.00240074 -1.94599e-05  2.73658e-05 -1.26292e-06  5.89894e-20 -6.38816e-18    0.0325244 -5.55701e-07  1.96286e-06  2.22359e-07 -3.99991e-06  4.89096e-06 -1.66555e-06   7.6351e-07
 9.81453e-08  7.32698e-07  5.97538e-10  5.45776e-07  6.09151e-09 -5.89407e-07 -7.48743e-05 -1.49019e-05  3.09559e-06  9.39524e-05  1.04742e-19   2.6788e-17 -5.55701e-07    0.0570736  4.02259e-07  3.95205e-08 -2.09838e-07  7.36086e-07  2.22927e-07 -1.18808e-05
 5.93758e-07 -2.94467e-06 -1.88771e-10  -1.0331e-08 -5.93959e-08  8.74807e-07   0.00222062 -9.96291e-05 -2.31691e-06 -1.95392e-06 -7.57679e-20  2.57621e-17  1.96286e-06  4.02259e-07     0.136268 -8.86208e-08  4.84506e-07 -1.32779e-06   -3.375e-07 -3.03962e-07
-7.77098e-08  3.12876e-07 -2.91976e-10  1.00235e-09  6.97774e-10  2.13193e-07  0.000176944   1.0298e-05 -1.01321e-06  3.12092e-07 -3.73787e-21 -7.57887e-20  2.22359e-07  3.95205e-08 -8.86208e-08   0.00143516  2.85777e-07 -4.18522e-07 -5.73991e-08 -5.21937e-08
 2.77064e-06 -2.40043e-06  1.67636e-09 -2.30482e-08 -4.66156e-08 -3.46926e-06  -0.00263449  1.78776e-05   7.4149e-06 -7.72406e-06  7.43997e-20 -2.95249e-17 -3.99991e-06 -2.09838e-07  4.84506e-07  2.85777e-07     0.127468  6.39776e-06  4.85666e-07  6.76678e-07
-1.54253e-06  1.02267e-05 -7.34116e-09  4.47629e-08  2.32071e-08  4.99853e-06   0.00412296  0.000309427 -2.74908e-05  8.77104e-06 -6.92228e-20 -2.65606e-17  4.89096e-06  7.36086e-07 -1.32779e-06 -4.18522e-07  6.39776e-06    0.0271615 -1.36397e-06 -1.14763e-06
 -1.9336e-07  8.56796e-07 -1.68292e-09   5.3086e-13 -1.17472e-09  6.59351e-07  0.000334412  2.61673e-05 -5.79152e-06  1.14002e-07 -1.63463e-20 -2.91297e-18 -1.66555e-06  2.22927e-07   -3.375e-07 -5.73991e-08  4.85666e-07 -1.36397e-06   0.00357591 -1.92215e-07
-2.47003e-07 -2.28547e-07 -9.90689e-10  2.95585e-08  8.11724e-10  5.23164e-07    0.0003146 -7.83369e-06 -3.68504e-06  6.24442e-06 -8.52738e-21  1.01711e-17   7.6351e-07 -1.18808e-05 -3.03962e-07 -5.21937e-08  6.76678e-07 -1.14763e-06 -1.92215e-07   0.00707249
* row and column names
af_m
af_p
alpha_m
alpha_p
auf_m
auf_p
den_m
den_p
n_m
n_p
perm_m
perm_p
por_m
por_p
tcd_m
tcd_p
tcs_m
tcs_p
wr_m
wr_p
