    20    20     1
    0.316146 -4.43877e-06 -4.40311e-10  -1.6155e-08 -3.02305e-07   5.8063e-07 -0.000296498 -0.000204462 -1.48159e-06 -3.45016e-06   -3.321e-20  1.03219e-16  7.07621e-07   5.6155e-07  4.49283e-07 -4.11962e-08   3.0227e-06 -1.20731e-06 -2.26525e-07 -4.19467e-07
-4.43877e-06     0.318498   1.4586e-08 -4.26273e-07 -2.07653e-06 -6.07117e-06  -0.00481342 -0.000997845  3.31968e-05 -7.61892e-05 -3.79835e-19  6.57841e-16 -5.50111e-06   6.1394e-06 -3.68166e-06  2.39983e-07 -1.63505e-06  1.09278e-05  8.14735e-07 -2.57602e-06
-4.40311e-10   1.4586e-08  4.68302e-07  2.53317e-11  3.04702e-10  4.35354e-09  1.54875e-06  5.79572e-08 -5.55007e-08  3.32195e-09  1.71612e-22 -9.55783e-20  1.01937e-08 -8.12586e-10 -1.84257e-09  -2.3832e-10  7.00862e-10 -8.67989e-09  -2.2175e-09 -2.25884e-09
 -1.6155e-08 -4.26273e-07  2.53317e-11  1.40422e-05  -4.3717e-09 -1.18994e-08 -3.47435e-05 -1.61479e-06 -5.13163e-08 -3.67895e-06 -1.56878e-20  2.35698e-18  2.27134e-08  8.36798e-07 -2.22085e-08  7.43929e-10 -2.32117e-08  4.93809e-08 -1.48062e-09 -1.44756e-08
-3.02305e-07 -2.07653e-06  3.04702e-10  -4.3717e-09    0.0686865 -9.18693e-08 -5.37913e-05 -8.22972e-05  8.61348e-07 -8.71103e-07  9.24525e-21  4.93918e-17 -7.45233e-08 -1.58244e-07 -3.11802e-07  1.68191e-09  7.65985e-08  1.63875e-07   2.7597e-09 -9.62029e-08
  5.8063e-07 -6.07117e-06  4.35354e-09 -1.18994e-08 -9.18693e-08    0.0333404  -0.00193776 -9.18689e-05  1.14457e-05 -5.50841e-06  8.88973e-20  2.27686e-17  -3.0691e-06 -7.05236e-07  1.52703e-06  1.24195e-07 -2.20088e-06  4.57144e-06  7.07342e-07  4.61407e-07
-0.000296498  -0.00481342  1.54875e-06 -3.47435e-05 -5.37913e-05  -0.00193776       225622    -0.163936   0.00519365  -0.00911212  1.36775e-16   2.3415e-14  -0.00248481  6.58905e-05   0.00269773  9.13668e-05  -0.00130849   0.00353219  0.000307995 -8.15204e-06
-0.000204462 -0.000997845  5.79572e-08 -1.61479e-06 -8.22972e-05 -9.18689e-05    -0.163936       113906  0.000333809 -0.000977005  2.80473e-17  2.61499e-14 -9.52953e-05  1.50677e-05 -9.79567e-05  1.66295e-06 -5.16245e-05  0.000142563 -2.20104e-06 -5.25496e-05
-1.48159e-06  3.31968e-05 -5.55007e-08 -5.13163e-08  8.61348e-07  1.14457e-05   0.00519365  0.000333809     0.262494 -1.38678e-05  1.02646e-19 -2.69713e-16  2.91279e-05  2.83399e-06 -5.68482e-06 -6.07389e-07  2.67673e-06 -2.36786e-05 -5.22667e-06  -6.0645e-06
-3.45016e-06 -7.61892e-05  3.32195e-09 -3.67895e-06 -8.71103e-07 -5.50841e-06  -0.00911212 -0.000977005 -1.38678e-05     0.261911 -2.71475e-18  3.71898e-16  1.33144e-06  0.000166042 -3.11515e-06  1.58144e-07 -8.36075e-06  8.61651e-06 -3.54137e-07 -2.44128e-08
  -3.321e-20 -3.79835e-19  1.71612e-22 -1.56878e-20  9.24525e-21  8.88973e-20  1.36775e-16  2.80473e-17  1.02646e-19 -2.71475e-18   1.4062e-27 -1.72665e-30  7.61528e-20  7.81822e-19 -1.97058e-19 -4.30331e-21   1.3665e-19 -1.67755e-19 -2.75584e-20 -1.83142e-20
 1.03219e-16  6.57841e-16 -9.55783e-20  2.35698e-18  4.93918e-17  2.27686e-17   2.3415e-14  2.61499e-14 -2.69713e-16  3.71898e-16 -1.72665e-30  4.01979e-22  2.08547e-17  2.48908e-17   8.6307e-17 -4.79938e-22 -4.06285e-17 -3.79676e-17 -8.15579e-19  3.93799e-17
 7.07621e-07 -5.50111e-06  1.01937e-08  2.27134e-08 -7.45233e-08  -3.0691e-06  -0.00248481 -9.52953e-05  2.91279e-05  1.33144e-06  7.61528e-20  2.08547e-17    0.0325221 -7.43873e-07  2.70084e-06  1.43767e-07 -2.91031e-06  5.26281e-06 -1.58326e-06  1.35387e-06
  5.6155e-07   6.1394e-06 -8.12586e-10  8.36798e-07 -1.58244e-07 -7.05236e-07  6.58905e-05  1.50677e-05  2.83399e-06  0.000166042  7.81822e-19  2.48908e-17 -7.43873e-07    0.0570725  1.27929e-06  3.50547e-08  2.54421e-08  9.32979e-07  3.68476e-07 -9.33905e-06
 4.49283e-07 -3.68166e-06 -1.84257e-09 -2.22085e-08 -3.11802e-07  1.52703e-06   0.00269773 -9.79567e-05 -5.68482e-06 -3.11515e-06 -1.97058e-19   8.6307e-17  2.70084e-06  1.27929e-06     0.136267 -8.91644e-08 -9.65821e-07 -3.02333e-06 -6.94976e-07 -5.53323e-07
-4.11962e-08  2.39983e-07  -2.3832e-10  7.43929e-10  1.68191e-09  1.24195e-07  9.13668e-05  1.66295e-06 -6.07389e-07  1.58144e-07 -4.30331e-21 -4.79938e-22  1.43767e-07  3.50547e-08 -8.91644e-08   0.00143517  1.06404e-07 -2.45347e-07  -3.8936e-08 -3.29782e-08
  3.0227e-06 -1.63505e-06  7.00862e-10 -2.32117e-08  7.65985e-08 -2.20088e-06  -0.00130849 -5.16245e-05  2.67673e-06 -8.36075e-06   1.3665e-19 -4.06285e-17 -2.91031e-06  2.54421e-08 -9.65821e-07  1.06404e-07     0.127469  3.97094e-06  2.32586e-07  2.06779e-07
-1.20731e-06  1.09278e-05 -8.67989e-09  4.93809e-08  1.63875e-07  4.57144e-06   0.00353219  0.000142563 -2.36786e-05  8.61651e-06 -1.67755e-19 -3.79676e-17  5.26281e-06  9.32979e-07 -3.02333e-06 -2.45347e-07  3.97094e-06    0.0271632 -1.40807e-06 -9.25074e-07
-2.26525e-07  8.14735e-07  -2.2175e-09 -1.48062e-09   2.7597e-09  7.07342e-07  0.000307995 -2.20104e-06 -5.22667e-06 -3.54137e-07 -2.75584e-20 -8.15579e-19 -1.58326e-06  3.68476e-07 -6.94976e-07  -3.8936e-08  2.32586e-07 -1.40807e-06   0.00357588 -2.50798e-07
-4.19467e-07 -2.57602e-06 -2.25884e-09 -1.44756e-08 -9.62029e-08  4.61407e-07 -8.15204e-06 -5.25496e-05  -6.0645e-06 -2.44128e-08 -1.83142e-20  3.93799e-17  1.35387e-06 -9.33905e-06 -5.53323e-07 -3.29782e-08  2.06779e-07 -9.25074e-07 -2.50798e-07   0.00707113
* row and column names
af_m
af_p
alpha_m
alpha_p
auf_m
auf_p
den_m
den_p
n_m
n_p
perm_m
perm_p
por_m
por_p
tcd_m
tcd_p
tcs_m
tcs_p
wr_m
wr_p
