    20    20     1
    0.316145 -5.59024e-06 -3.33023e-10 -1.99425e-08 -1.49382e-07  5.68796e-07  -0.00046035 -4.94715e-06 -1.26695e-06  -2.1626e-06 -3.25362e-19  9.47821e-17  1.12587e-06  6.41851e-07  7.48484e-07  -4.3242e-08  3.55408e-06 -1.40642e-06 -2.61274e-07 -3.47897e-07
-5.59024e-06     0.318484  1.67642e-08 -4.93197e-07 -1.74983e-07  -7.0379e-06   -0.0052632 -0.000411813  3.51069e-05 -7.39703e-05 -1.98971e-18  5.34413e-16 -4.79618e-06  7.20759e-06 -9.77065e-07  1.95604e-07  2.87887e-07  1.18618e-05  8.34062e-07 -2.00139e-06
-3.33023e-10  1.67642e-08  4.68301e-07  7.06816e-11 -2.31232e-10  4.33387e-09  1.41968e-06  1.06472e-07   -5.345e-08  1.10671e-08  4.88449e-22 -2.30289e-20  1.04018e-08 -2.99425e-09 -2.10832e-09 -1.89048e-10 -1.30334e-10 -8.40313e-09 -2.12611e-09 -2.97688e-09
-1.99425e-08 -4.93197e-07  7.06816e-11  1.40394e-05  4.40854e-09  -1.3431e-08  -4.2396e-05 -2.13641e-06 -3.27097e-08 -4.36358e-06 -3.31563e-20  -4.9927e-19  2.97391e-08  9.91452e-07  4.56599e-09  6.28243e-10 -1.46992e-08  6.48962e-08  5.95676e-10 -2.73298e-08
-1.49382e-07 -1.74983e-07 -2.31232e-10  4.40854e-09    0.0686867  5.84821e-08  4.43542e-05  9.56917e-07 -3.89575e-07  4.02166e-07  -1.1735e-20  1.76878e-17  9.36418e-08 -1.67965e-07 -2.16454e-07  -6.6037e-09 -1.72888e-08 -1.99334e-07 -3.71443e-08 -5.57766e-08
 5.68796e-07  -7.0379e-06  4.33387e-09  -1.3431e-08  5.84821e-08    0.0333403  -0.00169745 -5.46599e-05  1.11376e-05  -4.5405e-06  6.46945e-20  1.62607e-17 -3.11319e-06 -1.26158e-06   1.7443e-06  1.04919e-07 -1.52858e-06  4.62556e-06  7.26931e-07  4.37337e-07
 -0.00046035   -0.0052632  1.41968e-06  -4.2396e-05  4.43542e-05  -0.00169745       225623     -0.03617   0.00473068  -0.00931115  5.15756e-17  1.22849e-16   -0.0022461  0.000134678   0.00275304  6.49122e-05 -0.000181857   0.00315194  0.000295755  -0.00020805
-4.94715e-06 -0.000411813  1.06472e-07 -2.13641e-06  9.56917e-07 -5.46599e-05     -0.03617       113906  0.000218089 -0.000356815 -8.27691e-18  1.45116e-15 -2.54143e-05  2.04193e-05  -1.3615e-05  1.92539e-06 -1.72767e-06  9.26222e-05    6.388e-06 -1.12582e-05
-1.26695e-06  3.51069e-05   -5.345e-08 -3.27097e-08 -3.89575e-07  1.11376e-05   0.00473068  0.000218089     0.262506 -1.31486e-05  4.65897e-19 -8.32948e-17  2.90696e-05  3.24316e-06 -7.25485e-06 -4.78066e-07 -2.37436e-07 -2.29674e-05 -4.95785e-06 -7.79629e-06
 -2.1626e-06 -7.39703e-05  1.10671e-08 -4.36358e-06  4.02166e-07  -4.5405e-06  -0.00931115 -0.000356815 -1.31486e-05     0.261739  -5.9132e-18 -3.80483e-16  1.59874e-06  0.000208197  2.34316e-06  9.00964e-08 -6.64591e-06  8.93507e-06  1.00247e-08  -1.3102e-06
-3.25362e-19 -1.98971e-18  4.88449e-22 -3.31563e-20  -1.1735e-20  6.46945e-20  5.15756e-17 -8.27691e-18  4.65897e-19  -5.9132e-18  1.40606e-27  1.57453e-29  1.77327e-19  1.59504e-18 -2.78121e-19  -5.4358e-21  2.42204e-19  -1.4171e-19  -4.0536e-20 -8.03453e-20
 9.47821e-17  5.34413e-16 -2.30289e-20  -4.9927e-19  1.76878e-17  1.62607e-17  1.22849e-16  1.45116e-15 -8.32948e-17 -3.80483e-16  1.57453e-29  4.01973e-22 -1.29781e-17  1.55614e-16  5.82859e-17  9.80231e-19 -6.25923e-17  2.53957e-18  6.68182e-18  2.53991e-17
 1.12587e-06 -4.79618e-06  1.04018e-08  2.97391e-08  9.36418e-08 -3.11319e-06   -0.0022461 -2.54143e-05  2.90696e-05  1.59874e-06  1.77327e-19 -1.29781e-17    0.0325214 -1.15452e-06  3.08136e-06  1.24575e-07 -2.44553e-06  5.37964e-06 -1.49972e-06  1.78632e-06
 6.41851e-07  7.20759e-06 -2.99425e-09  9.91452e-07 -1.67965e-07 -1.26158e-06  0.000134678  2.04193e-05  3.24316e-06  0.000208197  1.59504e-18  1.55614e-16 -1.15452e-06    0.0570662  8.23544e-07  4.51785e-08 -3.02075e-07  1.11283e-06  4.20966e-07 -7.70754e-06
 7.48484e-07 -9.77065e-07 -2.10832e-09  4.56599e-09 -2.16454e-07   1.7443e-06   0.00275304  -1.3615e-05 -7.25485e-06  2.34316e-06 -2.78121e-19  5.82859e-17  3.08136e-06  8.23544e-07     0.136267  -8.2699e-08 -1.93567e-06 -3.49689e-06 -7.45057e-07  -3.2666e-07
 -4.3242e-08  1.95604e-07 -1.89048e-10  6.28243e-10  -6.6037e-09  1.04919e-07  6.49122e-05  1.92539e-06 -4.78066e-07  9.00964e-08  -5.4358e-21  9.80231e-19  1.24575e-07  4.51785e-08  -8.2699e-08   0.00143518  6.69425e-08 -2.09265e-07 -3.24814e-08 -2.99609e-08
 3.55408e-06  2.87887e-07 -1.30334e-10 -1.46992e-08 -1.72888e-08 -1.52858e-06 -0.000181857 -1.72767e-06 -2.37436e-07 -6.64591e-06  2.42204e-19 -6.25923e-17 -2.44553e-06 -3.02075e-07 -1.93567e-06  6.69425e-08     0.127469  2.86073e-06  1.25328e-07  -1.0991e-07
-1.40642e-06  1.18618e-05 -8.40313e-09  6.48962e-08 -1.99334e-07  4.62556e-06   0.00315194  9.26222e-05 -2.29674e-05  8.93507e-06  -1.4171e-19  2.53957e-18  5.37964e-06  1.11283e-06 -3.49689e-06 -2.09265e-07  2.86073e-06    0.0271629 -1.41445e-06 -8.64255e-07
-2.61274e-07  8.34062e-07 -2.12611e-09  5.95676e-10 -3.71443e-08  7.26931e-07  0.000295755    6.388e-06 -4.95785e-06  1.00247e-08  -4.0536e-20  6.68182e-18 -1.49972e-06  4.20966e-07 -7.45057e-07 -3.24814e-08  1.25328e-07 -1.41445e-06   0.00357586 -2.65447e-07
-3.47897e-07 -2.00139e-06 -2.97688e-09 -2.73298e-08 -5.57766e-08  4.37337e-07  -0.00020805 -1.12582e-05 -7.79629e-06  -1.3102e-06 -8.03453e-20  2.53991e-17  1.78632e-06 -7.70754e-06  -3.2666e-07 -2.99609e-08  -1.0991e-07 -8.64255e-07 -2.65447e-07   0.00707049
* row and column names
af_m
af_p
alpha_m
alpha_p
auf_m
auf_p
den_m
den_p
n_m
n_p
perm_m
perm_p
por_m
por_p
tcd_m
tcd_p
tcs_m
tcs_p
wr_m
wr_p
