    20    20     1
    0.316146 -4.52542e-06  8.77528e-11  -1.7277e-08 -5.71665e-08  4.15147e-07 -7.47908e-05 -1.07798e-05 -7.82926e-07 -8.53745e-07 -7.04671e-20  3.67649e-17  6.88407e-07  2.80621e-08  6.30182e-07  -2.3667e-08    3.066e-06 -8.10404e-07 -1.71694e-07 -2.62063e-07
-4.52542e-06     0.318502  1.34202e-08 -4.09474e-07 -7.11816e-07 -5.95135e-06  -0.00419201 -0.000478517  3.27802e-05 -6.65554e-05 -4.17793e-19  2.81006e-16 -4.37202e-06  4.43496e-06 -2.62796e-06  2.81353e-07 -9.68187e-07  1.09536e-05  8.08053e-07 -2.24562e-06
 8.77528e-11  1.34202e-08  4.68306e-07  2.34161e-11  1.26312e-10  4.06708e-09  1.74451e-06   1.3718e-07 -5.29629e-08  2.26847e-09  1.12744e-22  -5.5654e-20   8.8973e-09 -3.34478e-10 -1.89751e-09 -2.31753e-10  7.91527e-10  -8.2466e-09 -2.01329e-09 -1.84244e-09
 -1.7277e-08 -4.09474e-07  2.34161e-11  1.40425e-05 -5.65179e-09 -1.14119e-08 -3.35739e-05 -2.32782e-06 -2.56631e-08 -3.43914e-06 -1.21778e-20  6.29941e-19  2.02596e-08  8.14844e-07 -2.46316e-08  1.10981e-09 -2.27765e-08  5.69236e-08 -1.98268e-09 -6.17213e-09
-5.71665e-08 -7.11816e-07  1.26312e-10 -5.65179e-09    0.0686867 -1.69561e-08   1.8153e-05 -2.90853e-06  2.85403e-07 -8.44524e-07  -1.0682e-20  3.28328e-18  4.14406e-08  1.18906e-07 -1.39282e-07  5.47788e-10  2.02167e-08  3.41824e-08 -1.49475e-09 -3.25204e-08
 4.15147e-07 -5.95135e-06  4.06708e-09 -1.14119e-08 -1.69561e-08    0.0333405  -0.00191584 -7.07989e-05  1.18901e-05 -5.38344e-06  5.80074e-20  1.16593e-17 -2.89776e-06 -7.25597e-07  1.60135e-06  1.27529e-07 -2.27699e-06  4.55479e-06  7.00148e-07  4.27276e-07
-7.47908e-05  -0.00419201  1.74451e-06 -3.35739e-05   1.8153e-05  -0.00191584       225622   -0.0442557   0.00586957  -0.00798551  7.13001e-17 -9.78124e-15  -0.00246598   0.00011031   0.00289092  9.92068e-05  -0.00148103   0.00364572  0.000352347  0.000100527
-1.07798e-05 -0.000478517   1.3718e-07 -2.32782e-06 -2.90853e-06 -7.07989e-05   -0.0442557       113906  0.000318358 -0.000403503 -2.04895e-18  1.53228e-15 -3.60826e-05  1.01869e-05 -3.04042e-05  3.70822e-06 -3.68901e-06  0.000134747  1.10268e-05 -1.10303e-05
-7.82926e-07  3.27802e-05 -5.29629e-08 -2.56631e-08  2.85403e-07  1.18901e-05   0.00586957  0.000318358     0.262481 -1.27785e-05  1.58649e-19 -1.33637e-16  2.85974e-05   2.5715e-06 -6.79023e-06 -6.58139e-07  3.43641e-06 -2.53037e-05 -5.48367e-06 -5.60236e-06
-8.53745e-07 -6.65554e-05  2.26847e-09 -3.43914e-06 -8.44524e-07 -5.38344e-06  -0.00798551 -0.000403503 -1.27785e-05      0.26196 -2.23378e-18 -3.76633e-17  1.88151e-06  0.000156963 -2.15224e-06  1.85982e-07 -8.23018e-06  8.24645e-06 -3.62521e-07   9.9653e-07
-7.04671e-20 -4.17793e-19  1.12744e-22 -1.21778e-20  -1.0682e-20  5.80074e-20  7.13001e-17 -2.04895e-18  1.58649e-19 -2.23378e-18  1.40623e-27  2.11693e-30  2.69927e-20  5.99825e-19 -1.67245e-19 -3.48965e-21  1.01123e-19 -1.16984e-19 -2.62354e-20 -1.97493e-20
 3.67649e-17  2.81006e-16  -5.5654e-20  6.29941e-19  3.28328e-18  1.16593e-17 -9.78124e-15  1.53228e-15 -1.33637e-16 -3.76633e-17  2.11693e-30  4.01992e-22  1.20271e-18  6.53198e-17  3.24812e-17 -3.66895e-19 -3.28162e-17 -1.89078e-17 -1.53228e-18  1.63228e-17
 6.88407e-07 -4.37202e-06   8.8973e-09  2.02596e-08  4.14406e-08 -2.89776e-06  -0.00246598 -3.60826e-05  2.85974e-05  1.88151e-06  2.69927e-20  1.20271e-18    0.0325228 -6.65607e-07  2.81348e-06  1.46225e-07 -3.15767e-06  5.14394e-06  -1.6249e-06  1.23862e-06
 2.80621e-08  4.43496e-06 -3.34478e-10  8.14844e-07  1.18906e-07 -7.25597e-07   0.00011031  1.01869e-05   2.5715e-06  0.000156963  5.99825e-19  6.53198e-17 -6.65607e-07    0.0570724  1.15831e-06  3.08142e-08  1.34778e-07  5.72216e-07  3.62286e-07 -9.88419e-06
 6.30182e-07 -2.62796e-06 -1.89751e-09 -2.46316e-08 -1.39282e-07  1.60135e-06   0.00289092 -3.04042e-05 -6.79023e-06 -2.15224e-06 -1.67245e-19  3.24812e-17  2.81348e-06  1.15831e-06     0.136266 -9.00603e-08 -5.95747e-07 -3.23388e-06 -7.27065e-07 -5.04824e-07
 -2.3667e-08  2.81353e-07 -2.31753e-10  1.10981e-09  5.47788e-10  1.27529e-07  9.92068e-05  3.70822e-06 -6.58139e-07  1.85982e-07 -3.48965e-21 -3.66895e-19  1.46225e-07  3.08142e-08 -9.00603e-08   0.00143517  1.18216e-07 -2.56821e-07 -3.97307e-08 -3.13858e-08
   3.066e-06 -9.68187e-07  7.91527e-10 -2.27765e-08  2.02167e-08 -2.27699e-06  -0.00148103 -3.68901e-06  3.43641e-06 -8.23018e-06  1.01123e-19 -3.28162e-17 -3.15767e-06  1.34778e-07 -5.95747e-07  1.18216e-07     0.127469  4.27668e-06  2.92112e-07  3.04339e-07
-8.10404e-07  1.09536e-05  -8.2466e-09  5.69236e-08  3.41824e-08  4.55479e-06   0.00364572  0.000134747 -2.53037e-05  8.24645e-06 -1.16984e-19 -1.89078e-17  5.14394e-06  5.72216e-07 -3.23388e-06 -2.56821e-07  4.27668e-06    0.0271628 -1.42959e-06 -9.78421e-07
-1.71694e-07  8.08053e-07 -2.01329e-09 -1.98268e-09 -1.49475e-09  7.00148e-07  0.000352347  1.10268e-05 -5.48367e-06 -3.62521e-07 -2.62354e-20 -1.53228e-18  -1.6249e-06  3.62286e-07 -7.27065e-07 -3.97307e-08  2.92112e-07 -1.42959e-06   0.00357589 -2.30329e-07
-2.62063e-07 -2.24562e-06 -1.84244e-09 -6.17213e-09 -3.25204e-08  4.27276e-07  0.000100527 -1.10303e-05 -5.60236e-06   9.9653e-07 -1.97493e-20  1.63228e-17  1.23862e-06 -9.88419e-06 -5.04824e-07 -3.13858e-08  3.04339e-07 -9.78421e-07 -2.30329e-07   0.00707132
* row and column names
af_m
af_p
alpha_m
alpha_p
auf_m
auf_p
den_m
den_p
n_m
n_p
perm_m
perm_p
por_m
por_p
tcd_m
tcd_p
tcs_m
tcs_p
wr_m
wr_p
