    20    20     1
    0.316145 -3.24488e-06  1.77285e-10 -3.34776e-08  1.17446e-07  8.74212e-08 -7.48169e-05   0.00011633 -3.79439e-07  -2.8835e-06 -2.72354e-20 -5.55099e-18  7.05685e-07  7.26637e-07  8.30539e-07 -2.58895e-08  2.90952e-06 -9.57578e-07 -1.34923e-07 -1.35511e-07
-3.24488e-06     0.318507  1.25548e-08 -3.70527e-07 -2.17411e-07 -6.22093e-06   -0.0044347 -0.000708323   3.2473e-05 -6.26134e-05 -8.82401e-20  3.59504e-16 -4.28115e-06  3.37604e-06 -3.11698e-06  2.91752e-07 -1.47517e-06  9.95205e-06  7.24806e-07 -1.88545e-06
 1.77285e-10  1.25548e-08  4.68304e-07  3.87651e-11 -2.29794e-10  4.53666e-09  1.97484e-06 -1.27771e-07 -5.46938e-08  3.65868e-09 -2.39162e-23  1.21694e-21   9.7847e-09 -4.25967e-10 -1.77355e-09  -2.5736e-10  1.15813e-09 -8.96215e-09 -2.03541e-09 -1.91216e-09
-3.34776e-08 -3.70527e-07  3.87651e-11  1.40435e-05  5.43932e-09 -1.60625e-08 -3.17945e-05  5.52339e-06  1.06175e-08 -3.23041e-06 -8.25644e-21 -1.47012e-18  1.70841e-08  7.84009e-07 -1.63991e-08  6.39604e-10 -1.48853e-08  5.13514e-08 -2.21365e-09  8.06206e-10
 1.17446e-07 -2.17411e-07 -2.29794e-10  5.43932e-09    0.0686866  4.65589e-08  1.98838e-05 -9.39796e-05 -3.03612e-07  2.46209e-07 -4.17677e-21  2.20326e-17  5.21281e-08 -1.02781e-07 -1.52634e-07 -4.38612e-09 -3.73981e-08 -1.68591e-07 -1.21361e-08 -5.69473e-08
 8.74212e-08 -6.22093e-06  4.53666e-09 -1.60625e-08  4.65589e-08    0.0333403  -0.00193639 -2.42131e-05  1.20161e-05 -5.47139e-06  8.99292e-20  4.36492e-18  -2.9465e-06 -7.20221e-07  1.39693e-06  1.38054e-07 -2.27739e-06  4.70291e-06  6.97545e-07  4.67428e-07
-7.48169e-05   -0.0044347  1.97484e-06 -3.17945e-05  1.98838e-05  -0.00193639       225622   -0.0586198   0.00582637  -0.00777573  8.89082e-17 -8.59378e-15  -0.00242442  3.17066e-05    0.0027375  0.000103536  -0.00136826   0.00368391  0.000354241  7.32802e-05
  0.00011633 -0.000708323 -1.27771e-07  5.52339e-06 -9.39796e-05 -2.42131e-05   -0.0586198       113906  1.48051e-05  3.13346e-06 -4.06536e-18  2.99363e-14  1.15283e-05 -0.000153292 -0.000124241  -1.1281e-06  2.43311e-05 -6.79176e-05   3.4639e-06 -7.81543e-05
-3.79439e-07   3.2473e-05 -5.46938e-08  1.06175e-08 -3.03612e-07  1.20161e-05   0.00582637  1.48051e-05     0.262489 -7.99691e-06 -1.70349e-19 -1.06585e-16  2.85367e-05   2.6299e-06 -5.07618e-06 -6.63709e-07  3.33811e-06 -2.46022e-05 -5.07129e-06 -4.97538e-06
 -2.8835e-06 -6.26134e-05  3.65868e-09 -3.23041e-06  2.46209e-07 -5.47139e-06  -0.00777573  3.13346e-06 -7.99691e-06     0.262028 -1.51868e-18 -2.04245e-16  1.84266e-06  0.000146399 -2.09278e-06  2.21329e-07  -6.8294e-06  8.69523e-06  -2.7966e-07  2.70286e-06
-2.72354e-20 -8.82401e-20 -2.39162e-23 -8.25644e-21 -4.17677e-21  8.99292e-20  8.89082e-17 -4.06536e-18 -1.70349e-19 -1.51868e-18  1.40623e-27   1.1323e-30  6.76182e-20  4.60648e-19 -1.65437e-19 -4.72615e-21  6.88193e-20 -1.69037e-19  -3.2748e-20 -1.10218e-20
-5.55099e-18  3.59504e-16  1.21694e-21 -1.47012e-18  2.20326e-17  4.36492e-18 -8.59378e-15  2.99363e-14 -1.06585e-16 -2.04245e-16   1.1323e-30  4.01984e-22 -5.40326e-18  1.26137e-16  5.88983e-17  3.14187e-19 -4.08295e-17  1.99032e-17  -2.4693e-19  2.74752e-17
 7.05685e-07 -4.28115e-06   9.7847e-09  1.70841e-08  5.21281e-08  -2.9465e-06  -0.00242442  1.15283e-05  2.85367e-05  1.84266e-06  6.76182e-20 -5.40326e-18    0.0325223 -7.78817e-07  2.58255e-06  1.54228e-07 -3.10151e-06  5.29659e-06 -1.64339e-06  1.13244e-06
 7.26637e-07  3.37604e-06 -4.25967e-10  7.84009e-07 -1.02781e-07 -7.20221e-07  3.17066e-05 -0.000153292   2.6299e-06  0.000146399  4.60648e-19  1.26137e-16 -7.78817e-07    0.0570724  9.75423e-07  4.79369e-08 -2.09989e-07  7.42526e-07  3.64612e-07 -1.03339e-05
 8.30539e-07 -3.11698e-06 -1.77355e-09 -1.63991e-08 -1.52634e-07  1.39693e-06    0.0027375 -0.000124241 -5.07618e-06 -2.09278e-06 -1.65437e-19  5.88983e-17  2.58255e-06  9.75423e-07     0.136266 -8.78243e-08 -7.47661e-07 -2.89442e-06 -6.92136e-07 -3.73128e-07
-2.58895e-08  2.91752e-07  -2.5736e-10  6.39604e-10 -4.38612e-09  1.38054e-07  0.000103536  -1.1281e-06 -6.63709e-07  2.21329e-07 -4.72615e-21  3.14187e-19  1.54228e-07  4.79369e-08 -8.78243e-08   0.00143517  1.24484e-07 -2.66971e-07 -3.94173e-08 -2.95169e-08
 2.90952e-06 -1.47517e-06  1.15813e-09 -1.48853e-08 -3.73981e-08 -2.27739e-06  -0.00136826  2.43311e-05  3.33811e-06  -6.8294e-06  6.88193e-20 -4.08295e-17 -3.10151e-06 -2.09989e-07 -7.47661e-07  1.24484e-07     0.127469  4.44126e-06  2.97235e-07  2.76531e-07
-9.57578e-07  9.95205e-06 -8.96215e-09  5.13514e-08 -1.68591e-07  4.70291e-06   0.00368391 -6.79176e-05 -2.46022e-05  8.69523e-06 -1.69037e-19  1.99032e-17  5.29659e-06  7.42526e-07 -2.89442e-06 -2.66971e-07  4.44126e-06    0.0271627 -1.36974e-06  -1.0302e-06
-1.34923e-07  7.24806e-07 -2.03541e-09 -2.21365e-09 -1.21361e-08  6.97545e-07  0.000354241   3.4639e-06 -5.07129e-06  -2.7966e-07  -3.2748e-20  -2.4693e-19 -1.64339e-06  3.64612e-07 -6.92136e-07 -3.94173e-08  2.97235e-07 -1.36974e-06   0.00357592 -1.98649e-07
-1.35511e-07 -1.88545e-06 -1.91216e-09  8.06206e-10 -5.69473e-08  4.67428e-07  7.32802e-05 -7.81543e-05 -4.97538e-06  2.70286e-06 -1.10218e-20  2.74752e-17  1.13244e-06 -1.03339e-05 -3.73128e-07 -2.95169e-08  2.76531e-07  -1.0302e-06 -1.98649e-07   0.00707153
* row and column names
af_m
af_p
alpha_m
alpha_p
auf_m
auf_p
den_m
den_p
n_m
n_p
perm_m
perm_p
por_m
por_p
tcd_m
tcd_p
tcs_m
tcs_p
wr_m
wr_p
