    20    20     1
    0.316147 -1.62547e-06 -5.90121e-10 -9.77634e-09  2.15313e-08  6.90681e-07  0.000113027  -1.1684e-06 -2.14099e-06  -6.4456e-07  -2.6215e-20   1.2609e-17  8.97503e-07   3.3352e-07  3.33868e-07 -4.76625e-08   2.8652e-06 -1.50503e-06 -2.17047e-07 -2.87671e-07
-1.62547e-06     0.318519  1.00061e-08 -2.56257e-07 -1.56565e-07 -5.40071e-06  -0.00445665  -0.00063633  3.08822e-05 -4.79443e-05 -9.05157e-20  1.79684e-16   -4.485e-06  2.21649e-06 -3.76258e-06  3.10514e-07 -2.44089e-06   9.6571e-06  7.80652e-07  -9.0745e-07
-5.90121e-10  1.00061e-08   4.6831e-07  1.09674e-12  2.21344e-11  3.78829e-09  2.00944e-06  1.86127e-07   -4.847e-08  4.85436e-10 -3.04567e-23 -3.94818e-20  7.80334e-09  7.21952e-10 -1.57243e-09 -2.45957e-10  1.67616e-09 -7.70215e-09 -1.81517e-09 -1.36362e-09
-9.77634e-09 -2.56257e-07  1.09674e-12  1.40474e-05 -1.95269e-09 -6.16321e-09  -2.8728e-05 -3.41016e-06 -3.65615e-09   -2.583e-06 -5.01622e-21  8.33698e-19  9.64785e-09  6.71965e-07 -2.68917e-08  3.83231e-10 -2.09864e-08  3.09752e-08 -3.57991e-09  1.46294e-08
 2.15313e-08 -1.56565e-07  2.21344e-11 -1.95269e-09    0.0686867 -2.03418e-08 -9.57113e-06 -1.78935e-05  8.05011e-08 -3.42028e-07  1.15063e-21  3.99588e-18 -3.61263e-08  4.89264e-08 -8.04516e-08  9.89727e-10 -8.50355e-08  3.42351e-08 -8.51489e-10  1.34789e-11
 6.90681e-07 -5.40071e-06  3.78829e-09 -6.16321e-09 -2.03418e-08    0.0333406   -0.0019834  -0.00011761  1.21126e-05 -3.90667e-06   4.9409e-20   1.1962e-17 -2.75891e-06 -7.72676e-07  1.35238e-06  1.46182e-07 -2.59736e-06  4.59044e-06  6.88133e-07  5.09752e-07
 0.000113027  -0.00445665  2.00944e-06  -2.8728e-05 -9.57113e-06   -0.0019834       225622    -0.103248   0.00670998  -0.00695126  4.82184e-17  4.55983e-15  -0.00253547 -6.55261e-05   0.00283338  0.000122512  -0.00190835   0.00399506   0.00039262  0.000247811
 -1.1684e-06  -0.00063633  1.86127e-07 -3.41016e-06 -1.78935e-05  -0.00011761    -0.103248       113906  0.000552658 -0.000698173  2.36135e-18  6.38998e-15 -0.000107558   2.3759e-05 -4.33447e-05  6.79229e-06 -5.44284e-05  0.000209015  1.95691e-05  -1.9125e-06
-2.14099e-06  3.08822e-05   -4.847e-08 -3.65615e-09  8.05011e-08  1.21126e-05   0.00670998  0.000552658     0.262472 -5.76568e-06 -1.44854e-19 -1.33729e-16  2.75233e-05  3.29707e-06 -5.28118e-06 -7.66338e-07  5.36808e-06 -2.58594e-05 -5.47704e-06 -4.23566e-06
 -6.4456e-07 -4.79443e-05  4.85436e-10   -2.583e-06 -3.42028e-07 -3.90667e-06  -0.00695126 -0.000698173 -5.76568e-06     0.262148  -8.6032e-19  3.89438e-17  6.00854e-07  0.000124152 -3.90408e-06  1.73289e-07  -7.2621e-06  6.17357e-06 -3.20373e-07  4.02488e-06
 -2.6215e-20 -9.05157e-20 -3.04567e-23 -5.01622e-21  1.15063e-21   4.9409e-20  4.82184e-17  2.36135e-18 -1.44854e-19  -8.6032e-19  1.40624e-27 -1.64529e-31  4.58068e-20  2.54889e-19  -1.0902e-19 -3.01151e-21  5.05568e-20 -9.89982e-20 -2.34722e-20 -8.36256e-21
  1.2609e-17  1.79684e-16 -3.94818e-20  8.33698e-19  3.99588e-18   1.1962e-17  4.55983e-15  6.38998e-15 -1.33729e-16  3.89438e-17 -1.64529e-31  4.01993e-22   1.5527e-17   2.6407e-17  2.49168e-17 -5.84827e-19 -1.08376e-17 -2.04576e-17   -2.538e-18  7.48189e-18
 8.97503e-07   -4.485e-06  7.80334e-09  9.64785e-09 -3.61263e-08 -2.75891e-06  -0.00253547 -0.000107558  2.75233e-05  6.00854e-07  4.58068e-20   1.5527e-17    0.0325229 -7.74133e-07  2.56984e-06  1.65328e-07 -3.65556e-06   5.1996e-06 -1.69912e-06  9.85068e-07
  3.3352e-07  2.21649e-06  7.21952e-10  6.71965e-07  4.89264e-08 -7.72676e-07 -6.55261e-05   2.3759e-05  3.29707e-06  0.000124152  2.54889e-19   2.6407e-17 -7.74133e-07    0.0570724  1.01605e-06  4.71985e-08 -1.71789e-07  1.04856e-06  3.41159e-07 -1.13888e-05
 3.33868e-07 -3.76258e-06 -1.57243e-09 -2.68917e-08 -8.04516e-08  1.35238e-06   0.00283338 -4.33447e-05 -5.28118e-06 -3.90408e-06  -1.0902e-19  2.49168e-17  2.56984e-06  1.01605e-06     0.136266 -9.21538e-08  4.75649e-08 -3.09637e-06 -6.81333e-07 -5.78254e-07
-4.76625e-08  3.10514e-07 -2.45957e-10  3.83231e-10  9.89727e-10  1.46182e-07  0.000122512  6.79229e-06 -7.66338e-07  1.73289e-07 -3.01151e-21 -5.84827e-19  1.65328e-07  4.71985e-08 -9.21538e-08   0.00143517  1.64124e-07  -3.0049e-07 -4.39982e-08 -3.85429e-08
  2.8652e-06 -2.44089e-06  1.67616e-09 -2.09864e-08 -8.50355e-08 -2.59736e-06  -0.00190835 -5.44284e-05  5.36808e-06  -7.2621e-06  5.05568e-20 -1.08376e-17 -3.65556e-06 -1.71789e-07  4.75649e-08  1.64124e-07     0.127469  5.28368e-06  4.25064e-07  5.36485e-07
-1.50503e-06   9.6571e-06 -7.70215e-09  3.09752e-08  3.42351e-08  4.59044e-06   0.00399506  0.000209015 -2.58594e-05  6.17357e-06 -9.89982e-20 -2.04576e-17   5.1996e-06  1.04856e-06 -3.09637e-06  -3.0049e-07  5.28368e-06    0.0271626 -1.42301e-06  -1.2062e-06
-2.17047e-07  7.80652e-07 -1.81517e-09 -3.57991e-09 -8.51489e-10  6.88133e-07   0.00039262  1.95691e-05 -5.47704e-06 -3.20373e-07 -2.34722e-20   -2.538e-18 -1.69912e-06  3.41159e-07 -6.81333e-07 -4.39982e-08  4.25064e-07 -1.42301e-06   0.00357591 -2.18226e-07
-2.87671e-07  -9.0745e-07 -1.36362e-09  1.46294e-08  1.34789e-11  5.09752e-07  0.000247811  -1.9125e-06 -4.23566e-06  4.02488e-06 -8.36256e-21  7.48189e-18  9.85068e-07 -1.13888e-05 -5.78254e-07 -3.85429e-08  5.36485e-07  -1.2062e-06 -2.18226e-07   0.00707181
* row and column names
af_m
af_p
alpha_m
alpha_p
auf_m
auf_p
den_m
den_p
n_m
n_p
perm_m
perm_p
por_m
por_p
tcd_m
tcd_p
tcs_m
tcs_p
wr_m
wr_p
