    20    20     1
    0.316146 -1.08413e-06 -2.42268e-09   1.4276e-09  1.67526e-08  1.09521e-06 -6.49689e-05 -0.000716839 -2.47395e-06  7.11218e-07  -5.9837e-21 -2.26447e-20  5.04325e-07 -4.66655e-07 -3.69815e-07 -1.82388e-07  2.02972e-06 -2.35143e-06 -3.03624e-07 -4.77596e-07
-1.08413e-06     0.318565 -8.45004e-11  2.32236e-10  -5.1933e-09 -5.43528e-07 -0.000832733 -0.000811684  1.74989e-06 -5.14787e-08  3.29283e-21 -3.57507e-19 -5.78229e-07 -3.91326e-07 -1.07432e-06 -1.63886e-08 -6.28368e-07  4.41174e-07 -6.01128e-08  -2.2501e-08
-2.42268e-09 -8.45004e-11  4.68305e-07 -2.04277e-12  1.66395e-11  3.96138e-09   1.0917e-06 -3.18416e-07 -3.90539e-08 -1.18524e-09 -1.40853e-22  1.40926e-21  5.70136e-09 -6.89709e-11 -9.19418e-10 -5.69745e-10  1.81743e-09 -9.27189e-09 -1.93553e-09 -1.70694e-09
  1.4276e-09  2.32236e-10 -2.04277e-12  1.40624e-05  -7.7077e-12 -1.37246e-09 -1.83887e-06  9.20286e-07 -6.87308e-09 -4.14075e-08 -4.97544e-23  5.10933e-21  -1.5753e-10  2.65077e-08  1.90638e-09  1.28467e-10 -4.83007e-09  1.41027e-09  9.87944e-11  5.87912e-09
 1.67526e-08  -5.1933e-09  1.66395e-11  -7.7077e-12    0.0686867  -1.6136e-08 -1.92428e-07 -1.34958e-07  3.34752e-08 -5.83304e-09  -4.5591e-23  -4.1256e-21 -1.14214e-08  7.01985e-11 -2.31778e-08  1.49518e-09 -4.03344e-08  2.57872e-08  1.21655e-09  4.14641e-09
 1.09521e-06 -5.43528e-07  3.96138e-09 -1.37246e-09  -1.6136e-08    0.0333398   -0.0020548  5.08083e-05  7.61867e-06 -9.25577e-07  2.79762e-20 -4.25983e-19 -2.53346e-06 -1.01423e-07  5.47933e-07  2.99926e-07 -3.73191e-06  5.13914e-06  4.89515e-07  8.36541e-07
-6.49689e-05 -0.000832733   1.0917e-06 -1.83887e-06 -1.92428e-07   -0.0020548       225623    -0.142863   0.00242235  -0.00114842  1.20969e-17 -1.64683e-16  -0.00171284 -0.000170139   0.00100666  0.000172663  -0.00242248   0.00328555  0.000134136  0.000490726
-0.000716839 -0.000811684 -3.18416e-07  9.20286e-07 -1.34958e-07  5.08083e-05    -0.142863       113906  0.000703053  0.000341807  4.29405e-18 -2.07648e-16 -0.000145516 -0.000380693 -0.000607592 -4.35809e-05  0.000117231 -0.000309909 -5.36877e-05  -0.00013438
-2.47395e-06  1.74989e-06 -3.90539e-08 -6.87308e-09  3.34752e-08  7.61867e-06   0.00242235  0.000703053      0.26255 -3.87921e-06 -3.60548e-19  3.25816e-18  1.41995e-05  7.89201e-07  4.02786e-08 -9.51474e-07  3.02155e-06 -1.94812e-05 -3.83825e-06 -3.00253e-06
 7.11218e-07 -5.14787e-08 -1.18524e-09 -4.14075e-08 -5.83304e-09 -9.25577e-07  -0.00114842  0.000341807 -3.87921e-06     0.262632 -2.19004e-20  1.30316e-18 -3.00511e-07  1.49239e-05  9.23768e-07   6.9827e-08 -3.21226e-06   9.6273e-07  7.13928e-08  3.52318e-06
 -5.9837e-21  3.29283e-21 -1.40853e-22 -4.97544e-23  -4.5591e-23  2.79762e-20  1.20969e-17  4.29405e-18 -3.60548e-19 -2.19004e-20  1.40625e-27  1.49073e-32  8.04858e-20  5.60468e-21 -1.33291e-20 -3.26595e-21   1.0356e-20  -6.0685e-20 -1.13083e-20 -1.10916e-20
-2.26447e-20 -3.57507e-19  1.40926e-21  5.10933e-21  -4.1256e-21 -4.25983e-19 -1.64683e-16 -2.07648e-16  3.25816e-18  1.30316e-18  1.49073e-32  4.01996e-22 -5.63135e-19 -2.98791e-20 -2.73812e-19  3.70656e-20 -3.89076e-19  7.13221e-19  1.51453e-19  2.82088e-19
 5.04325e-07 -5.78229e-07  5.70136e-09  -1.5753e-10 -1.14214e-08 -2.53346e-06  -0.00171284 -0.000145516  1.41995e-05 -3.00511e-07  8.04858e-20 -5.63135e-19    0.0325256 -1.89612e-07  4.42318e-07  2.03154e-07  -3.3163e-06  3.47745e-06 -2.11764e-06  6.45211e-07
-4.66655e-07 -3.91326e-07 -6.89709e-11  2.65077e-08  7.01985e-11 -1.01423e-07 -0.000170139 -0.000380693  7.89201e-07  1.49239e-05  5.60468e-21 -2.98791e-20 -1.89612e-07    0.0570929 -3.59233e-07 -1.80776e-08 -6.01299e-08  1.03681e-09 -6.79124e-09 -1.23857e-05
-3.69815e-07 -1.07432e-06 -9.19418e-10  1.90638e-09 -2.31778e-08  5.47933e-07   0.00100666 -0.000607592  4.02786e-08  9.23768e-07 -1.33291e-20 -2.73812e-19  4.42318e-07 -3.59233e-07      0.13627 -1.15819e-07  1.40089e-08 -1.50789e-06 -2.09242e-07 -3.19006e-07
-1.82388e-07 -1.63886e-08 -5.69745e-10  1.28467e-10  1.49518e-09  2.99926e-07  0.000172663 -4.35809e-05 -9.51474e-07   6.9827e-08 -3.26595e-21  3.70656e-20  2.03154e-07 -1.80776e-08 -1.15819e-07   0.00143514  3.25001e-07  -5.8285e-07 -6.80616e-08 -1.02684e-07
 2.02972e-06 -6.28368e-07  1.81743e-09 -4.83007e-09 -4.03344e-08 -3.73191e-06  -0.00242248  0.000117231  3.02155e-06 -3.21226e-06   1.0356e-20 -3.89076e-19  -3.3163e-06 -6.01299e-08  1.40089e-08  3.25001e-07     0.127469  6.04186e-06  3.46005e-07  9.44284e-07
-2.35143e-06  4.41174e-07 -9.27189e-09  1.41027e-09  2.57872e-08  5.13914e-06   0.00328555 -0.000309909 -1.94812e-05   9.6273e-07  -6.0685e-20  7.13221e-19  3.47745e-06  1.03681e-09 -1.50789e-06  -5.8285e-07  6.04186e-06    0.0271619 -1.24793e-06  -1.7117e-06
-3.03624e-07 -6.01128e-08 -1.93553e-09  9.87944e-11  1.21655e-09  4.89515e-07  0.000134136 -5.36877e-05 -3.83825e-06  7.13928e-08 -1.13083e-20  1.51453e-19 -2.11764e-06 -6.79124e-09 -2.09242e-07 -6.80616e-08  3.46005e-07 -1.24793e-06   0.00357596 -2.04068e-07
-4.77596e-07  -2.2501e-08 -1.70694e-09  5.87912e-09  4.14641e-09  8.36541e-07  0.000490726  -0.00013438 -3.00253e-06  3.52318e-06 -1.10916e-20  2.82088e-19  6.45211e-07 -1.23857e-05 -3.19006e-07 -1.02684e-07  9.44284e-07  -1.7117e-06 -2.04068e-07   0.00707209
* row and column names
af_m
af_p
alpha_m
alpha_p
auf_m
auf_p
den_m
den_p
n_m
n_p
perm_m
perm_p
por_m
por_p
tcd_m
tcd_p
tcs_m
tcs_p
wr_m
wr_p
