    20    20     1
    0.316146 -2.74221e-06 -3.01013e-10 -1.81423e-08  2.82707e-08  5.97666e-07 -0.000474149  2.72415e-06 -1.89884e-06 -2.10734e-06 -1.22192e-19  3.74453e-17   9.9324e-07  1.00087e-06  1.17208e-06 -2.77507e-08  3.14364e-06  -1.1957e-06 -2.39252e-07 -2.07049e-07
-2.74221e-06     0.318482   2.0415e-08 -4.78047e-07  -1.0121e-06 -7.23678e-06   -0.0054491  -0.00042563  3.66082e-05 -7.33167e-05 -6.07007e-19  9.62105e-16 -5.37169e-06  7.42698e-06 -1.33618e-07  2.46066e-07  2.34035e-07  1.23056e-05  7.18899e-07 -2.10454e-06
-3.01013e-10   2.0415e-08  4.68299e-07  6.61541e-11  2.09414e-10  4.35371e-09  1.54718e-06   1.2001e-07 -5.52475e-08  1.22037e-08  2.43003e-22 -2.22925e-19  1.06684e-08 -3.19796e-09 -1.85362e-09 -1.99182e-10  -4.8911e-10 -8.42508e-09 -2.10574e-09 -2.87247e-09
-1.81423e-08 -4.78047e-07  6.61541e-11  1.40404e-05 -1.29416e-09 -1.57904e-08 -4.96821e-05 -1.98834e-06 -5.90147e-08  -4.2422e-06 -2.34619e-20  3.38347e-18  2.79131e-08   9.5608e-07  2.45731e-10   5.1448e-10 -2.00227e-08  5.76132e-08 -1.87017e-09 -2.67744e-08
 2.82707e-08  -1.0121e-06  2.09414e-10 -1.29416e-09    0.0686867 -7.88442e-08  1.84264e-05 -7.92916e-06  4.30516e-07   3.4484e-07 -1.14404e-21  2.42758e-17   -4.451e-08 -2.19445e-07 -7.26021e-08    2.907e-09  -9.7399e-09  1.33777e-07  3.94643e-09  -2.5148e-08
 5.97666e-07 -7.23678e-06  4.35371e-09 -1.57904e-08 -7.88442e-08    0.0333402  -0.00189479 -7.34704e-05  1.09078e-05 -5.78916e-06  1.65729e-19  5.18842e-17 -3.25571e-06 -9.99318e-07  1.66191e-06  1.07397e-07  -1.7992e-06  4.71212e-06   6.8815e-07  4.50967e-07
-0.000474149   -0.0054491  1.54718e-06 -4.96821e-05  1.84264e-05  -0.00189479       225622    -0.060266   0.00488411   -0.0107985  1.46371e-16  1.21068e-14  -0.00234954  0.000452909   0.00262996    6.938e-05 -0.000461758   0.00334401  0.000280181 -0.000158013
 2.72415e-06  -0.00042563   1.2001e-07 -1.98834e-06 -7.92916e-06 -7.34704e-05    -0.060266       113906  0.000262353 -0.000404693 -4.93795e-19  2.24972e-15 -5.09859e-05  1.34832e-05  8.45019e-06  2.69929e-06  -1.1938e-05  0.000125633  8.50303e-06 -8.57486e-06
-1.89884e-06  3.66082e-05 -5.52475e-08 -5.90147e-08  4.30516e-07  1.09078e-05   0.00488411  0.000262353     0.262511 -1.18825e-05 -1.96866e-19 -4.19613e-16  2.90878e-05  3.09407e-06 -6.80846e-06 -4.87041e-07 -1.87815e-08 -2.23396e-05 -4.66277e-06 -7.31751e-06
-2.10734e-06 -7.33167e-05  1.22037e-08  -4.2422e-06   3.4484e-07 -5.78916e-06   -0.0107985 -0.000404693 -1.18825e-05     0.261762 -4.67183e-18 -3.18533e-17  5.19254e-07  0.000202108  1.29253e-06  1.20057e-07 -7.78157e-06  9.65734e-06 -1.99477e-07  -9.8503e-07
-1.22192e-19 -6.07007e-19  2.43003e-22 -2.34619e-20 -1.14404e-21  1.65729e-19  1.46371e-16 -4.93795e-19 -1.96866e-19 -4.67183e-18  1.40616e-27  5.19604e-30  2.01121e-19  1.39556e-18 -2.77329e-19 -7.09661e-21  1.46392e-19   -2.955e-19 -5.00851e-20 -4.97091e-20
 3.74453e-17  9.62105e-16 -2.22925e-19  3.38347e-18  2.42758e-17  5.18842e-17  1.21068e-14  2.24972e-15 -4.19613e-16 -3.18533e-17  5.19604e-30  4.01972e-22  1.89807e-17  9.75971e-17  1.38191e-17 -1.70627e-18 -8.04732e-17 -8.70609e-17 -3.74349e-18  3.28786e-17
  9.9324e-07 -5.37169e-06  1.06684e-08  2.79131e-08   -4.451e-08 -3.25571e-06  -0.00234954 -5.09859e-05  2.90878e-05  5.19254e-07  2.01121e-19  1.89807e-17     0.032521 -9.76248e-07  2.92035e-06  1.27493e-07 -2.64176e-06  5.50746e-06 -1.51517e-06  1.77042e-06
 1.00087e-06  7.42698e-06 -3.19796e-09   9.5608e-07 -2.19445e-07 -9.99318e-07  0.000452909  1.34832e-05  3.09407e-06  0.000202108  1.39556e-18  9.75971e-17 -9.76248e-07    0.0570675  1.21456e-06  4.82264e-08 -6.11285e-08  1.10691e-06  4.54283e-07 -7.93025e-06
 1.17208e-06 -1.33618e-07 -1.85362e-09  2.45731e-10 -7.26021e-08  1.66191e-06   0.00262996  8.45019e-06 -6.80846e-06  1.29253e-06 -2.77329e-19  1.38191e-17  2.92035e-06  1.21456e-06     0.136267 -7.52902e-08 -2.02729e-06 -3.22477e-06 -6.83117e-07  -2.6555e-07
-2.77507e-08  2.46066e-07 -1.99182e-10   5.1448e-10    2.907e-09  1.07397e-07    6.938e-05  2.69929e-06 -4.87041e-07  1.20057e-07 -7.09661e-21 -1.70627e-18  1.27493e-07  4.82264e-08 -7.52902e-08   0.00143518  6.52357e-08 -2.06611e-07 -3.20083e-08 -2.75799e-08
 3.14364e-06  2.34035e-07  -4.8911e-10 -2.00227e-08  -9.7399e-09  -1.7992e-06 -0.000461758  -1.1938e-05 -1.87815e-08 -7.78157e-06  1.46392e-19 -8.04732e-17 -2.64176e-06 -6.11285e-08 -2.02729e-06  6.52357e-08     0.127468  3.17267e-06  1.52973e-07  1.05739e-08
 -1.1957e-06  1.23056e-05 -8.42508e-09  5.76132e-08  1.33777e-07  4.71212e-06   0.00334401  0.000125633 -2.23396e-05  9.65734e-06   -2.955e-19 -8.70609e-17  5.50746e-06  1.10691e-06 -3.22477e-06 -2.06611e-07  3.17267e-06     0.027163 -1.35151e-06  -8.8669e-07
-2.39252e-07  7.18899e-07 -2.10574e-09 -1.87017e-09  3.94643e-09   6.8815e-07  0.000280181  8.50303e-06 -4.66277e-06 -1.99477e-07 -5.00851e-20 -3.74349e-18 -1.51517e-06  4.54283e-07 -6.83117e-07 -3.20083e-08  1.52973e-07 -1.35151e-06   0.00357588 -2.62003e-07
-2.07049e-07 -2.10454e-06 -2.87247e-09 -2.67744e-08  -2.5148e-08  4.50967e-07 -0.000158013 -8.57486e-06 -7.31751e-06  -9.8503e-07 -4.97091e-20  3.28786e-17  1.77042e-06 -7.93025e-06  -2.6555e-07 -2.75799e-08  1.05739e-08  -8.8669e-07 -2.62003e-07   0.00707056
* row and column names
af_m
af_p
alpha_m
alpha_p
auf_m
auf_p
den_m
den_p
n_m
n_p
perm_m
perm_p
por_m
por_p
tcd_m
tcd_p
tcs_m
tcs_p
wr_m
wr_p
