    20    20     1
    0.316147 -1.29514e-06 -6.51616e-10 -2.69796e-09  -7.3864e-09  7.22633e-07  0.000147708  4.33682e-06 -2.67023e-06 -3.80621e-07 -1.96552e-20  1.25534e-17  3.20376e-07  1.85861e-07  2.85068e-07 -6.02907e-08  2.74851e-06 -1.76314e-06 -2.51273e-07 -2.88669e-07
-1.29514e-06     0.318531  6.78741e-09 -2.01458e-07 -7.96924e-08 -4.68933e-06  -0.00426365 -0.000487811  2.78689e-05 -4.00393e-05 -6.56647e-20  1.37844e-16 -3.90804e-06  1.32924e-06 -3.61818e-06  2.90349e-07 -1.97134e-06   8.1802e-06  5.39715e-07 -8.04493e-07
-6.51616e-10  6.78741e-09  4.68315e-07  1.56639e-11 -2.42392e-11  2.95391e-09  1.80287e-06  1.34915e-07 -4.38514e-08  9.14047e-10 -5.73554e-24 -2.80668e-20  4.46544e-09  4.57246e-10 -1.23326e-09 -2.23243e-10  1.57212e-09 -6.88865e-09 -1.46357e-09 -9.63032e-10
-2.69796e-09 -2.01458e-07  1.56639e-11  1.40491e-05  4.73508e-10 -6.58537e-09 -2.27097e-05  -1.1653e-06   4.8983e-08 -2.20816e-06 -2.82865e-21  3.74242e-19 -8.53645e-09  6.10877e-07  -1.5821e-08  9.20093e-10 -2.27829e-08   3.4848e-08 -8.10539e-10   2.3607e-08
 -7.3864e-09 -7.96924e-08 -2.42392e-11  4.73508e-10    0.0686867  9.24905e-09   3.1271e-05 -4.01542e-07 -8.71792e-08 -4.44087e-08 -8.53184e-22 -6.41638e-19  2.27546e-09 -2.03038e-08 -1.21355e-07 -2.14834e-09 -2.39168e-08 -4.29007e-08 -1.09409e-08 -1.64592e-08
 7.22633e-07 -4.68933e-06  2.95391e-09 -6.58537e-09  9.24905e-09    0.0333406  -0.00205301 -0.000104476  1.25229e-05 -3.82007e-06  2.47244e-20  6.36406e-18 -1.78298e-06 -6.99336e-07  1.21065e-06  1.59563e-07 -2.88712e-06  4.67867e-06  6.45755e-07  4.51973e-07
 0.000147708  -0.00426365  1.80287e-06 -2.27097e-05   3.1271e-05  -0.00205301       225622   -0.0750022   0.00780936  -0.00572978  2.46787e-17 -4.48918e-16   -0.0016908 -0.000341964    0.0027881  0.000139755  -0.00221981   0.00419405  0.000405462  0.000241984
 4.33682e-06 -0.000487811  1.34915e-07  -1.1653e-06 -4.01542e-07 -0.000104476   -0.0750022       113906  0.000499083 -0.000341257 -3.51499e-19  1.58793e-15 -3.92997e-05 -3.92217e-05   -5.757e-05  7.02329e-06 -1.29122e-05  0.000190491  1.58663e-05 -3.06684e-06
-2.67023e-06  2.78689e-05 -4.38514e-08   4.8983e-08 -8.71792e-08  1.25229e-05   0.00780936  0.000499083     0.262452 -5.43373e-07 -3.61377e-20  -1.1939e-16  2.11175e-05  2.92477e-06 -5.41367e-06 -9.10388e-07   6.7162e-06 -2.82902e-05 -5.71947e-06 -3.80593e-06
-3.80621e-07 -4.00393e-05  9.14047e-10 -2.20816e-06 -4.44087e-08 -3.82007e-06  -0.00572978 -0.000341257 -5.43373e-07      0.26223 -4.96452e-19 -4.96734e-18 -2.35545e-06  0.000109892 -3.21719e-06  2.30808e-07 -6.79169e-06  6.27037e-06 -2.63112e-07  5.68001e-06
-1.96552e-20 -6.56647e-20 -5.73554e-24 -2.82865e-21 -8.53184e-22  2.47244e-20  2.46787e-17 -3.51499e-19 -3.61377e-20 -4.96452e-19  1.40625e-27  3.45033e-31  -8.9305e-21  1.48346e-19 -5.95983e-20 -1.83282e-21   3.7282e-20 -5.50648e-20 -1.31403e-20 -2.18637e-21
 1.25534e-17  1.37844e-16 -2.80668e-20  3.74242e-19 -6.41638e-19  6.36406e-18 -4.48918e-16  1.58793e-15  -1.1939e-16 -4.96734e-18  3.45033e-31  4.01994e-22   7.8289e-18  3.28621e-17  2.78631e-17 -2.97348e-19 -2.57325e-17 -6.80903e-18 -8.98501e-19  8.45576e-18
 3.20376e-07 -3.90804e-06  4.46544e-09 -8.53645e-09  2.27546e-09 -1.78298e-06   -0.0016908 -3.92997e-05  2.11175e-05 -2.35545e-06  -8.9305e-21   7.8289e-18    0.0325252 -5.78407e-08  7.63011e-07  1.07264e-07 -2.79477e-06  3.04888e-06 -2.19434e-06  4.23535e-07
 1.85861e-07  1.32924e-06  4.57246e-10  6.10877e-07 -2.03038e-08 -6.99336e-07 -0.000341964 -3.92217e-05  2.92477e-06  0.000109892  1.48346e-19  3.28621e-17 -5.78407e-08     0.057072  7.09777e-07  3.59226e-08 -1.35948e-07  9.21876e-07   2.6501e-07 -1.19347e-05
 2.85068e-07 -3.61818e-06 -1.23326e-09  -1.5821e-08 -1.21355e-07  1.21065e-06    0.0027881   -5.757e-05 -5.41367e-06 -3.21719e-06 -5.95983e-20  2.78631e-17  7.63011e-07  7.09777e-07     0.136265 -1.01875e-07  5.43427e-07 -3.11904e-06 -6.95033e-07 -4.89026e-07
-6.02907e-08  2.90349e-07 -2.23243e-10  9.20093e-10 -2.14834e-09  1.59563e-07  0.000139755  7.02329e-06 -9.10388e-07  2.30808e-07 -1.83282e-21 -2.97348e-19  1.07264e-07  3.59226e-08 -1.01875e-07   0.00143517  1.96696e-07 -3.46067e-07 -4.91628e-08 -3.84328e-08
 2.74851e-06 -1.97134e-06  1.57212e-09 -2.27829e-08 -2.39168e-08 -2.88712e-06  -0.00221981 -1.29122e-05   6.7162e-06 -6.79169e-06   3.7282e-20 -2.57325e-17 -2.79477e-06 -1.35948e-07  5.43427e-07  1.96696e-07     0.127468  5.99288e-06  4.92348e-07  5.60874e-07
-1.76314e-06   8.1802e-06 -6.88865e-09   3.4848e-08 -4.29007e-08  4.67867e-06   0.00419405  0.000190491 -2.82902e-05  6.27037e-06 -5.50648e-20 -6.80903e-18  3.04888e-06  9.21876e-07 -3.11904e-06 -3.46067e-07  5.99288e-06    0.0271619 -1.47589e-06 -1.09986e-06
-2.51273e-07  5.39715e-07 -1.46357e-09 -8.10539e-10 -1.09409e-08  6.45755e-07  0.000405462  1.58663e-05 -5.71947e-06 -2.63112e-07 -1.31403e-20 -8.98501e-19 -2.19434e-06   2.6501e-07 -6.95033e-07 -4.91628e-08  4.92348e-07 -1.47589e-06    0.0035759 -2.00525e-07
-2.88669e-07 -8.04493e-07 -9.63032e-10   2.3607e-08 -1.64592e-08  4.51973e-07  0.000241984 -3.06684e-06 -3.80593e-06  5.68001e-06 -2.18637e-21  8.45576e-18  4.23535e-07 -1.19347e-05 -4.89026e-07 -3.84328e-08  5.60874e-07 -1.09986e-06 -2.00525e-07   0.00707221
* row and column names
af_m
af_p
alpha_m
alpha_p
auf_m
auf_p
den_m
den_p
n_m
n_p
perm_m
perm_p
por_m
por_p
tcd_m
tcd_p
tcs_m
tcs_p
wr_m
wr_p
