    20    20     1
    0.316144 -7.11236e-06  9.69481e-10 -1.12659e-09  3.52212e-08  6.71267e-07 -0.000457377  8.09806e-06 -1.67832e-06  1.61325e-06 -1.90113e-19   2.4251e-16  4.41509e-07     2.18e-07  3.29175e-07 -6.91995e-08  3.76118e-06 -2.12629e-06 -3.66031e-07 -3.66906e-07
-7.11236e-06     0.318488  1.37229e-08 -4.60194e-07 -2.35416e-09 -6.85291e-06  -0.00513641 -0.000273774  3.52164e-05 -5.68699e-05 -7.26449e-19  7.90654e-16 -5.47036e-06  6.23645e-06 -2.80594e-06  1.28017e-07  2.73648e-07  1.03491e-05  4.11983e-07 -5.74868e-07
 9.69481e-10  1.37229e-08  4.68316e-07   9.3965e-11  1.14493e-11  1.65992e-09  2.89315e-07    6.172e-08 -2.78759e-08  1.39822e-08  2.99438e-22 -1.17678e-19  2.97117e-09 -4.48732e-09  1.45603e-09 -5.09917e-11 -6.69903e-10 -3.28675e-09 -7.73168e-10 -2.10195e-09
-1.12659e-09 -4.60194e-07   9.3965e-11  1.40391e-05 -1.65673e-10 -2.02551e-08 -4.82374e-05 -1.50158e-06  3.21039e-08  -4.2951e-06 -1.38619e-20  1.36251e-18 -8.71428e-09  9.97387e-07  4.78498e-09  1.20904e-09 -3.33457e-08  8.60928e-08   2.0174e-09   1.0183e-08
 3.52212e-08 -2.35416e-09  1.14493e-11 -1.65673e-10    0.0686867  1.46746e-08  3.56141e-05 -6.80908e-07 -4.89832e-08 -1.46527e-08 -1.75873e-21 -4.54113e-19 -1.53575e-08  2.53903e-08 -1.13262e-07 -5.56482e-10   -6.724e-08 -2.70064e-08  -6.6562e-09  2.19026e-09
 6.71267e-07 -6.85291e-06  1.65992e-09 -2.02551e-08  1.46746e-08    0.0333404  -0.00164456 -4.38868e-05  1.07902e-05 -4.44851e-06  7.48974e-20  1.43933e-17 -1.27716e-06  -1.5565e-06  1.88851e-06  1.00541e-07  -1.6125e-06  4.56021e-06  6.06551e-07  2.91164e-07
-0.000457377  -0.00513641  2.89315e-07 -4.82374e-05  3.56141e-05  -0.00164456       225623   -0.0340448   0.00452834  -0.00993809    6.637e-17  1.48519e-14  -0.00101362   0.00014745   0.00316876  6.05828e-05 -0.000355106   0.00310315  0.000250478 -0.000403656
 8.09806e-06 -0.000273774    6.172e-08 -1.50158e-06 -6.80908e-07 -4.38868e-05   -0.0340448       113906  0.000169788 -0.000296848 -1.50831e-18 -1.24918e-16 -1.79498e-05  2.73853e-05 -1.04924e-05  1.53552e-06 -9.52244e-06  7.71934e-05  6.22682e-06 -3.00712e-06
-1.67832e-06  3.52164e-05 -2.78759e-08  3.21039e-08 -4.89832e-08  1.07902e-05   0.00452834  0.000169788     0.262514 -1.80368e-06  3.55323e-20 -1.93871e-16  1.65671e-05  3.63952e-06 -4.63511e-06 -4.13639e-07  1.70522e-06 -2.18849e-05 -3.83028e-06 -8.07527e-06
 1.61325e-06 -5.68699e-05  1.39822e-08  -4.2951e-06 -1.46527e-08 -4.44851e-06  -0.00993809 -0.000296848 -1.80368e-06     0.261738 -2.52645e-18 -2.99553e-16 -1.82613e-06  0.000211835  5.19518e-06  1.59487e-07 -8.71467e-06  1.08432e-05  6.43358e-07  4.97209e-06
-1.90113e-19 -7.26449e-19  2.99438e-22 -1.38619e-20 -1.75873e-21  7.48974e-20    6.637e-17 -1.50831e-18  3.55323e-20 -2.52645e-18  1.40621e-27  1.13258e-29  4.92531e-20  8.33214e-19 -2.38117e-19 -5.09718e-21  1.53246e-19 -1.68526e-19 -1.82693e-20  3.36848e-20
  2.4251e-16  7.90654e-16 -1.17678e-19  1.36251e-18 -4.54113e-19  1.43933e-17  1.48519e-14 -1.24918e-16 -1.93871e-16 -2.99553e-16  1.13258e-29  4.01968e-22  6.46381e-18  1.14498e-16  1.13774e-16   3.3616e-18 -1.03998e-16  4.74892e-17  1.48378e-17  5.57875e-17
 4.41509e-07 -5.47036e-06  2.97117e-09 -8.71428e-09 -1.53575e-08 -1.27716e-06  -0.00101362 -1.79498e-05  1.65671e-05 -1.82613e-06  4.92531e-20  6.46381e-18    0.0325239  1.71719e-07 -4.96865e-08  4.45661e-08 -2.35626e-06  1.96403e-06 -2.48026e-06  1.06014e-06
    2.18e-07  6.23645e-06 -4.48732e-09  9.97387e-07  2.53903e-08  -1.5565e-06   0.00014745  2.73853e-05  3.63952e-06  0.000211835  8.33214e-19  1.14498e-16  1.71719e-07    0.0570657  1.32198e-06  5.01974e-08 -1.79814e-07  1.16603e-06  3.15598e-07 -8.86758e-06
 3.29175e-07 -2.80594e-06  1.45603e-09  4.78498e-09 -1.13262e-07  1.88851e-06   0.00316876 -1.04924e-05 -4.63511e-06  5.19518e-06 -2.38117e-19  1.13774e-16 -4.96865e-08  1.32198e-06     0.136264 -9.53171e-08 -1.39517e-06 -4.02297e-06 -7.03092e-07  1.44485e-07
-6.91995e-08  1.28017e-07 -5.09917e-11  1.20904e-09 -5.56482e-10  1.00541e-07  6.05828e-05  1.53552e-06 -4.13639e-07  1.59487e-07 -5.09718e-21   3.3616e-18  4.45661e-08  5.01974e-08 -9.53171e-08   0.00143518   8.0122e-08 -2.00087e-07 -2.73879e-08 -2.30617e-08
 3.76118e-06  2.73648e-07 -6.69903e-10 -3.33457e-08   -6.724e-08  -1.6125e-06 -0.000355106 -9.52244e-06  1.70522e-06 -8.71467e-06  1.53246e-19 -1.03998e-16 -2.35626e-06 -1.79814e-07 -1.39517e-06   8.0122e-08     0.127469  3.33658e-06   1.7783e-07 -4.71394e-07
-2.12629e-06  1.03491e-05 -3.28675e-09  8.60928e-08 -2.70064e-08  4.56021e-06   0.00310315  7.71934e-05 -2.18849e-05  1.08432e-05 -1.68526e-19  4.74892e-17  1.96403e-06  1.16603e-06 -4.02297e-06 -2.00087e-07  3.33658e-06    0.0271628 -1.23608e-06  -7.1896e-07
-3.66031e-07  4.11983e-07 -7.73168e-10   2.0174e-09  -6.6562e-09  6.06551e-07  0.000250478  6.22682e-06 -3.83028e-06  6.43358e-07 -1.82693e-20  1.48378e-17 -2.48026e-06  3.15598e-07 -7.03092e-07 -2.73879e-08   1.7783e-07 -1.23608e-06   0.00357589 -2.16074e-07
-3.66906e-07 -5.74868e-07 -2.10195e-09   1.0183e-08  2.19026e-09  2.91164e-07 -0.000403656 -3.00712e-06 -8.07527e-06  4.97209e-06  3.36848e-20  5.57875e-17  1.06014e-06 -8.86758e-06  1.44485e-07 -2.30617e-08 -4.71394e-07  -7.1896e-07 -2.16074e-07   0.00707017
* row and column names
af_m
af_p
alpha_m
alpha_p
auf_m
auf_p
den_m
den_p
n_m
n_p
perm_m
perm_p
por_m
por_p
tcd_m
tcd_p
tcs_m
tcs_p
wr_m
wr_p
