    20    20     1
   0.0624995 -3.95648e-07  1.54019e-09 -7.51141e-08  2.45036e-08 -8.09078e-08 -7.58079e-05 -1.29201e-05  2.01468e-06 -2.78717e-06 -1.15113e-16  8.90797e-16  2.40968e-08  1.29145e-07   3.5578e-07  5.80197e-07  3.25952e-06  1.83602e-06 -1.81676e-07 -3.87743e-08
-3.95648e-07    0.0624991  9.30582e-09 -2.05926e-07  4.99278e-08 -3.95457e-07 -9.30662e-05  6.16073e-05  3.76917e-06 -8.25395e-06 -1.96018e-16  2.55077e-15 -2.23599e-07  2.86649e-07  3.21305e-07    2.083e-06  8.26803e-07  6.07697e-06 -9.43365e-08 -6.52019e-08
 1.54019e-09  9.30582e-09  5.05568e-06  9.71314e-09  3.58929e-10  5.20036e-08  9.51994e-06  -3.9222e-06  -1.5963e-06  4.21516e-07 -4.45604e-18  8.98863e-17  2.63142e-07   7.7401e-08 -1.56048e-07 -2.84015e-07 -1.12797e-06 -6.98337e-07 -2.35826e-07 -1.65027e-08
-7.51141e-08 -2.05926e-07  9.71314e-09   0.00050608  2.90047e-08 -1.41628e-07 -3.36775e-05  4.12651e-05  1.88722e-06 -5.39816e-06 -9.96858e-17  1.42815e-15 -3.14102e-07  4.76266e-07  3.08023e-07  1.09554e-06  1.86116e-06  2.69839e-06  2.85933e-07  9.08637e-08
 2.45036e-08  4.99278e-08  3.58929e-10  2.90047e-08    0.0306249 -4.09474e-08 -1.06676e-05 -4.98232e-05 -2.22344e-07  3.19094e-09  8.10695e-17 -3.14071e-15 -9.67679e-08  3.30277e-08 -2.99835e-09 -2.22652e-07  2.06385e-07 -2.81673e-07  6.91064e-08 -1.42253e-08
-8.09078e-08 -3.95457e-07  5.20036e-08 -1.41628e-07 -4.09474e-08    0.0306239 -0.000207283  -1.2876e-06  1.08617e-05 -9.26164e-06 -9.45817e-18 -2.55688e-15 -2.47277e-06  2.88902e-07  1.58176e-06  3.97012e-06  1.08527e-05  1.09163e-05  2.36588e-06  1.00372e-07
-7.58079e-05 -9.30662e-05  9.51994e-06 -3.36775e-05 -1.06676e-05 -0.000207283      30624.9   -0.0177235   0.00305426  -0.00200281  2.27202e-15 -7.14495e-13 -0.000443212  6.65019e-05  0.000403462  0.000738749   0.00331695   0.00209574  0.000395875 -5.26261e-06
-1.29201e-05  6.16073e-05  -3.9222e-06  4.12651e-05 -4.98232e-05  -1.2876e-06   -0.0177235       105625 -0.000823879  0.000850406  5.24688e-14  -2.3974e-12  7.58035e-05 -1.09765e-05 -0.000105666 -0.000490669 -0.000361334 -0.000899399 -0.000122856 -4.93622e-05
 2.01468e-06  3.76917e-06  -1.5963e-06  1.88722e-06 -2.22344e-07  1.08617e-05   0.00305426 -0.000823879     0.236769  8.51478e-05 -6.16912e-15  9.32549e-15  6.69495e-05  7.28464e-05 -2.86179e-05 -6.00932e-05 -0.000231749 -0.000149814 -8.24366e-06   -3.625e-06
-2.78717e-06 -8.25395e-06  4.21516e-07 -5.39816e-06  3.19094e-09 -9.26164e-06  -0.00200281  0.000850406  8.51478e-05     0.237334 -3.36922e-15 -8.40252e-16 -1.64535e-05  3.14276e-05  1.26718e-05  3.92437e-05  7.50833e-05  0.000107908  1.36498e-05  6.53007e-06
-1.15113e-16 -1.96018e-16 -4.45604e-18 -9.96858e-17  8.10695e-17 -9.45817e-18  2.27202e-15  5.24688e-14 -6.16912e-15 -3.36922e-15  5.82435e-24  4.11579e-24  2.76985e-16  1.25418e-15  9.43892e-17  5.20789e-16  4.33249e-18  1.22737e-15  1.02465e-17  3.49746e-17
 8.90797e-16  2.55077e-15  8.98863e-17  1.42815e-15 -3.14071e-15 -2.55688e-15 -7.14495e-13  -2.3974e-12  9.32549e-15 -8.40252e-16  4.11579e-24  6.10974e-20 -8.02195e-15  9.35409e-16  2.45313e-15  -7.0447e-15   3.2102e-14 -5.94533e-15  6.49382e-15 -5.08589e-16
 2.40968e-08 -2.23599e-07  2.63142e-07 -3.14102e-07 -9.67679e-08 -2.47277e-06 -0.000443212  7.58035e-05  6.69495e-05 -1.64535e-05  2.76985e-16 -8.02195e-15    0.0156104 -7.15848e-07  6.41559e-06  1.17017e-05  4.61693e-05  2.95606e-05   8.3828e-06  5.49522e-07
 1.29145e-07  2.86649e-07   7.7401e-08  4.76266e-07  3.30277e-08  2.88902e-07  6.65019e-05 -1.09765e-05  7.28464e-05  3.14276e-05  1.25418e-15  9.35409e-16 -7.15848e-07    0.0263883  1.68681e-08    2.115e-07  8.01848e-07 -1.80627e-06 -1.89592e-06 -1.42008e-06
  3.5578e-07  3.21305e-07 -1.56048e-07  3.08023e-07 -2.99835e-09  1.58176e-06  0.000403462 -0.000105666 -2.86179e-05  1.26718e-05  9.43892e-17  2.45313e-15  6.41559e-06  1.68681e-08    0.0624947 -8.49246e-06 -3.95579e-05 -2.15415e-05 -7.16147e-06 -3.20972e-07
 5.80197e-07    2.083e-06 -2.84015e-07  1.09554e-06 -2.22652e-07  3.97012e-06  0.000738749 -0.000490669 -6.00932e-05  3.92437e-05  5.20789e-16  -7.0447e-15  1.17017e-05    2.115e-07 -8.49246e-06    0.0600014  -5.5272e-05 -5.50779e-05 -1.17194e-05 -7.91725e-07
 3.25952e-06  8.26803e-07 -1.12797e-06  1.86116e-06  2.06385e-07  1.08527e-05   0.00331695 -0.000361334 -0.000231749  7.50833e-05  4.33249e-18   3.2102e-14  4.61693e-05  8.01848e-07 -3.95579e-05  -5.5272e-05      0.20217 -0.000144772 -5.29826e-05 -2.00489e-06
 1.83602e-06  6.07697e-06 -6.98337e-07  2.69839e-06 -2.81673e-07  1.09163e-05   0.00209574 -0.000899399 -0.000149814  0.000107908  1.22737e-15 -5.94533e-15  2.95606e-05 -1.80627e-06 -2.15415e-05 -5.50779e-05 -0.000144772     0.105472 -3.04289e-05 -1.46797e-06
-1.81676e-07 -9.43365e-08 -2.35826e-07  2.85933e-07  6.91064e-08  2.36588e-06  0.000395875 -0.000122856 -8.24366e-06  1.36498e-05  1.02465e-17  6.49382e-15   8.3828e-06 -1.89592e-06 -7.16147e-06 -1.17194e-05 -5.29826e-05 -3.04289e-05   0.00763895  -5.4658e-07
-3.87743e-08 -6.52019e-08 -1.65027e-08  9.08637e-08 -1.42253e-08  1.00372e-07 -5.26261e-06 -4.93622e-05   -3.625e-06  6.53007e-06  3.49746e-17 -5.08589e-16  5.49522e-07 -1.42008e-06 -3.20972e-07 -7.91725e-07 -2.00489e-06 -1.46797e-06  -5.4658e-07   0.00765494
* row and column names
af_m
af_p
alpha_m
alpha_p
auf_m
auf_p
den_m
den_p
n_m
n_p
perm_m
perm_p
por_m
por_p
tcd_m
tcd_p
tcs_m
tcs_p
wr_m
wr_p
