    20    20     1
   0.0624994 -5.83492e-07 -2.39035e-09 -2.59114e-08 -3.75537e-08 -4.10583e-07 -8.93421e-05  3.48553e-05  7.06704e-07  -3.8216e-06 -1.47467e-16 -1.53984e-18 -1.61791e-07   2.2959e-08  2.75692e-07  3.09477e-06  1.74696e-06  1.59054e-07 -1.69945e-07 -8.43643e-08
-5.83492e-07    0.0624989  2.00088e-10 -5.94907e-08 -6.38846e-08 -9.73861e-07 -0.000111099  6.56416e-05  3.75427e-06 -8.78574e-06 -1.29229e-16  1.05048e-16 -5.80025e-07  3.22152e-08  1.51375e-07  6.19319e-06 -6.44608e-07  3.82049e-06 -7.48526e-08 -4.44532e-08
-2.39035e-09  2.00088e-10   5.0589e-06   1.9793e-09   8.7403e-10   4.7227e-08  4.28938e-06  2.65999e-06 -1.90619e-06  3.46454e-07  -1.3162e-17 -3.56405e-17  1.49393e-07  2.09325e-08 -1.04862e-07 -2.37701e-07 -7.97125e-07 -7.70821e-07 -2.16109e-07 -1.25193e-08
-2.59114e-08 -5.94907e-08   1.9793e-09  0.000506235  -1.1537e-08 -1.12526e-07 -1.66727e-05 -5.62553e-06  1.59438e-06 -1.27486e-06 -7.88454e-18 -4.45227e-17 -1.66528e-07  5.01601e-08  6.29148e-08  2.84568e-07  5.82022e-07  9.20477e-07  1.57868e-07 -1.02434e-09
-3.75537e-08 -6.38846e-08   8.7403e-10  -1.1537e-08     0.030625 -9.53459e-08 -2.01626e-06  -1.2928e-05  1.05889e-06 -5.13297e-07 -4.51877e-17  -1.3948e-16 -1.05357e-07  -1.5477e-08  9.61288e-10 -1.59433e-07  2.87115e-07   3.8366e-07  1.19058e-07  1.88175e-09
-4.10583e-07 -9.73861e-07   4.7227e-08 -1.12526e-07 -9.53459e-08    0.0306228 -0.000204768  1.01533e-05  2.92309e-05 -1.57809e-05  5.21869e-17  6.14712e-16 -2.91624e-06  3.48911e-07  1.59722e-06  1.02874e-05  1.03509e-05  1.84794e-05  3.12128e-06  2.11902e-07
-8.93421e-05 -0.000111099  4.28938e-06 -1.66727e-05 -2.01626e-06 -0.000204768      30624.9  -0.00955869   0.00289775   -0.0016649  9.66032e-15   3.9613e-14 -0.000241195  3.04494e-05  0.000231326   0.00107541   0.00186176   0.00188786  0.000248321 -1.12823e-05
 3.48553e-05  6.56416e-05  2.65999e-06 -5.62553e-06  -1.2928e-05  1.01533e-05  -0.00955869       105625   0.00140464   0.00035748 -1.31591e-14 -1.00518e-13 -7.33626e-05  7.27464e-06  6.68383e-05 -0.000597001  0.000982049  0.000551992  0.000245995 -2.79937e-05
 7.06704e-07  3.75427e-06 -1.90619e-06  1.59438e-06  1.05889e-06  2.92309e-05   0.00289775   0.00140464     0.236339  0.000196517 -1.08798e-14 -1.49586e-14  9.45457e-05   4.5572e-05 -5.46957e-05 -0.000120078 -0.000436878 -0.000424808 -0.000110161 -5.90594e-06
 -3.8216e-06 -8.78574e-06  3.46454e-07 -1.27486e-06 -5.13297e-07 -1.57809e-05   -0.0016649   0.00035748  0.000196517     0.237425 -3.17045e-16  6.58423e-15 -2.06849e-05   1.5672e-05  1.18071e-05   8.9861e-05   6.9978e-05  0.000134028  2.09818e-05  1.97495e-06
-1.47467e-16 -1.29229e-16  -1.3162e-17 -7.88454e-18 -4.51877e-17  5.21869e-17  9.66032e-15 -1.31591e-14 -1.08798e-14 -3.17045e-16      5.8e-24  -2.8588e-25  7.67183e-16   9.0031e-16 -3.45431e-16 -3.86274e-16 -2.64412e-15  -2.9193e-15 -5.83692e-16 -4.48687e-17
-1.53984e-18  1.05048e-16 -3.56405e-17 -4.45227e-17  -1.3948e-16  6.14712e-16   3.9613e-14 -1.00518e-13 -1.49586e-14  6.58423e-15  -2.8588e-25  6.12539e-20  1.31432e-15 -6.99879e-16 -1.36383e-15  -8.9001e-15 -6.82756e-15 -9.71952e-15 -1.96906e-15 -2.19538e-16
-1.61791e-07 -5.80025e-07  1.49393e-07 -1.66528e-07 -1.05357e-07 -2.91624e-06 -0.000241195 -7.33626e-05  9.45457e-05 -2.06849e-05  7.67183e-16  1.31432e-15    0.0156135  2.72173e-08  4.27404e-06  1.19781e-05  3.20295e-05    3.515e-05  6.94567e-06  4.78903e-07
  2.2959e-08  3.22152e-08  2.09325e-08  5.01601e-08  -1.5477e-08  3.48911e-07  3.04494e-05  7.27464e-06   4.5572e-05   1.5672e-05   9.0031e-16 -6.99879e-16  2.72173e-08    0.0263917 -4.13658e-07 -3.62614e-06 -2.03199e-06 -3.82512e-06 -2.14983e-06 -6.77291e-07
 2.75692e-07  1.51375e-07 -1.04862e-07  6.29148e-08  9.61288e-10  1.59722e-06  0.000231326  6.68383e-05 -5.46957e-05  1.18071e-05 -3.45431e-16 -1.36383e-15  4.27404e-06 -4.13658e-07     0.062496 -8.59399e-06 -3.01129e-05 -2.45536e-05  -6.8929e-06 -3.24105e-07
 3.09477e-06  6.19319e-06 -2.37701e-07  2.84568e-07 -1.59433e-07  1.02874e-05   0.00107541 -0.000597001 -0.000120078   8.9861e-05 -3.86274e-16  -8.9001e-15  1.19781e-05 -3.62614e-06 -8.59399e-06    0.0599347 -3.71915e-05 -8.85154e-05 -1.24273e-05  -1.4546e-06
 1.74696e-06 -6.44608e-07 -7.97125e-07  5.82022e-07  2.87115e-07  1.03509e-05   0.00186176  0.000982049 -0.000436878   6.9978e-05 -2.64412e-15 -6.82756e-15  3.20295e-05 -2.03199e-06 -3.01129e-05 -3.71915e-05     0.202239 -0.000179921   -5.445e-05 -1.96188e-06
 1.59054e-07  3.82049e-06 -7.70821e-07  9.20477e-07   3.8366e-07  1.84794e-05   0.00188786  0.000551992 -0.000424808  0.000134028  -2.9193e-15 -9.71952e-15    3.515e-05 -3.82512e-06 -2.45536e-05 -8.85154e-05 -0.000179921     0.105387 -5.11296e-05 -2.96406e-06
-1.69945e-07 -7.48526e-08 -2.16109e-07  1.57868e-07  1.19058e-07  3.12128e-06  0.000248321  0.000245995 -0.000110161  2.09818e-05 -5.83692e-16 -1.96906e-15  6.94567e-06 -2.14983e-06  -6.8929e-06 -1.24273e-05   -5.445e-05 -5.11296e-05   0.00763595 -6.58229e-07
-8.43643e-08 -4.44532e-08 -1.25193e-08 -1.02434e-09  1.88175e-09  2.11902e-07 -1.12823e-05 -2.79937e-05 -5.90594e-06  1.97495e-06 -4.48687e-17 -2.19538e-16  4.78903e-07 -6.77291e-07 -3.24105e-07  -1.4546e-06 -1.96188e-06 -2.96406e-06 -6.58229e-07   0.00765528
* row and column names
af_m
af_p
alpha_m
alpha_p
auf_m
auf_p
den_m
den_p
n_m
n_p
perm_m
perm_p
por_m
por_p
tcd_m
tcd_p
tcs_m
tcs_p
wr_m
wr_p
