    20    20     1
   0.0624993  -6.6664e-07 -5.81317e-10  -4.4988e-08  2.54102e-09 -3.12665e-07 -0.000107901  -4.9841e-05  1.83345e-06 -5.00476e-06 -1.43344e-16  3.02043e-17 -1.87751e-07  1.80461e-07  3.31688e-07 -3.91515e-07   2.9748e-06  2.20872e-06 -1.83269e-07    -8.63e-08
 -6.6664e-07    0.0624988   8.4553e-09 -1.61629e-07  1.91359e-09 -8.05234e-07 -0.000141963 -8.40961e-05  4.01153e-06 -1.07009e-05 -2.11309e-16  3.42777e-17 -5.58312e-07  3.29467e-07  3.01279e-07  1.39609e-06  1.03063e-06  6.97206e-06  9.90834e-09  -1.4808e-07
-5.81317e-10   8.4553e-09  5.05427e-06  1.26087e-08 -5.34856e-10  9.01805e-08  7.70424e-06 -1.09435e-06 -1.55762e-06  4.51117e-07   7.3395e-18  1.78211e-18  2.82354e-07  5.86892e-08 -1.65303e-07 -6.25741e-07 -1.21831e-06 -9.77911e-07 -2.54758e-07 -4.61053e-08
 -4.4988e-08 -1.61629e-07  1.26087e-08  0.000506127  1.15736e-09 -3.14234e-07 -4.19298e-05 -1.48995e-06  2.04349e-06 -4.70074e-06 -6.61107e-17 -7.10495e-18 -4.74004e-07  4.27431e-07  3.32254e-07  1.53122e-06  2.47313e-06  3.17135e-06  4.47793e-07  8.13076e-08
 2.54102e-09  1.91359e-09 -5.34856e-10  1.15736e-09     0.030625  7.83677e-09  1.25974e-06  1.34882e-08 -8.79938e-08  4.40968e-08  1.18943e-18 -3.45282e-20  1.94946e-08 -7.11223e-10 -1.59619e-08 -4.80434e-08 -1.28057e-07 -8.21163e-08 -1.98997e-08 -3.14337e-09
-3.12665e-07 -8.05234e-07  9.01805e-08 -3.14234e-07  7.83677e-09    0.0306228 -0.000248951 -7.68222e-05  1.55063e-05 -1.42756e-05 -2.87358e-16  -7.2328e-17 -3.67304e-06  3.25826e-07  2.27474e-06  9.72713e-06  1.59983e-05  2.04098e-05  3.41975e-06  5.27554e-07
-0.000107901 -0.000141963  7.70424e-06 -4.19298e-05  1.25974e-06 -0.000248951      30624.9   -0.0163626   0.00233949   -0.0021756 -2.98587e-14 -1.91634e-14 -0.000335098  8.69482e-05  0.000298047  0.000942189    0.0024859   0.00226508  0.000256147  2.04749e-05
 -4.9841e-05 -8.40961e-05 -1.09435e-06 -1.48995e-06  1.34882e-08 -7.68222e-05   -0.0163626       105625 -0.000762596 -0.000529663 -1.61212e-14 -3.63519e-14   1.0749e-05  5.87166e-05 -2.70443e-05 -0.000139688 -0.000230142  0.000328885 -1.37985e-05 -2.85814e-05
 1.83345e-06  4.01153e-06 -1.55762e-06  2.04349e-06 -8.79938e-08  1.55063e-05   0.00233949 -0.000762596     0.236889  8.69578e-05 -3.58283e-15 -6.86554e-16  6.30453e-05  6.30481e-05 -2.50725e-05 -9.49407e-05 -0.000212177 -0.000179416 -6.61257e-06 -7.47455e-06
-5.00476e-06 -1.07009e-05  4.51117e-07 -4.70074e-06  4.40968e-08 -1.42756e-05   -0.0021756 -0.000529663  8.69578e-05     0.237377 -3.98247e-15 -1.10536e-15 -1.80094e-05    2.491e-05  1.16689e-05  5.05633e-05  7.64804e-05  0.000132497  1.31456e-05  4.97517e-06
-1.43344e-16 -2.11309e-16   7.3395e-18 -6.61107e-17  1.18943e-18 -2.87358e-16 -2.98587e-14 -1.61212e-14 -3.58283e-15 -3.98247e-15  5.91973e-24 -4.66401e-27  -2.8817e-16   1.1612e-15   3.1839e-16  1.16812e-15  1.99141e-15  2.57074e-15  4.38252e-16  7.59007e-17
 3.02043e-17  3.42777e-17  1.78211e-18 -7.10495e-18 -3.45282e-20  -7.2328e-17 -1.91634e-14 -3.63519e-14 -6.86554e-16 -1.10536e-15 -4.66401e-27  6.12561e-20  -2.0985e-17  2.07012e-16  3.71569e-17  9.89208e-17   3.1282e-16  3.54802e-16  1.44996e-16  7.26016e-18
-1.87751e-07 -5.58312e-07  2.82354e-07 -4.74004e-07  1.94946e-08 -3.67304e-06 -0.000335098   1.0749e-05  6.30453e-05 -1.80094e-05  -2.8817e-16  -2.0985e-17    0.0156111 -3.68451e-07  5.79735e-06  2.12984e-05  4.23717e-05  3.71629e-05  7.23699e-06  1.54489e-06
 1.80461e-07  3.29467e-07  5.86892e-08  4.27431e-07 -7.11223e-10  3.25826e-07  8.69482e-05  5.87166e-05  6.30481e-05    2.491e-05   1.1612e-15  2.07012e-16 -3.68451e-07    0.0263896 -1.16367e-07 -4.07073e-07 -4.02589e-07 -2.61128e-06 -1.92351e-06 -7.58171e-07
 3.31688e-07  3.01279e-07 -1.65303e-07  3.32254e-07 -1.59619e-08  2.27474e-06  0.000298047 -2.70443e-05 -2.50725e-05  1.16689e-05   3.1839e-16  3.71569e-17  5.79735e-06 -1.16367e-07    0.0624953 -1.55258e-05 -3.54982e-05 -2.47857e-05 -6.19766e-06 -9.73691e-07
-3.91515e-07  1.39609e-06 -6.25741e-07  1.53122e-06 -4.80434e-08  9.72713e-06  0.000942189 -0.000139688 -9.49407e-05  5.05633e-05  1.16812e-15  9.89208e-17  2.12984e-05 -4.07073e-07 -1.55258e-05    0.0599566  -0.00011086 -0.000106685 -2.29571e-05  -3.6639e-06
  2.9748e-06  1.03063e-06 -1.21831e-06  2.47313e-06 -1.28057e-07  1.59983e-05    0.0024859 -0.000230142 -0.000212177  7.64804e-05  1.99141e-15   3.1282e-16  4.23717e-05 -4.02589e-07 -3.54982e-05  -0.00011086     0.202197 -0.000179432 -4.65409e-05 -7.36558e-06
 2.20872e-06  6.97206e-06 -9.77911e-07  3.17135e-06 -8.21163e-08  2.04098e-05   0.00226508  0.000328885 -0.000179416  0.000132497  2.57074e-15  3.54802e-16  3.71629e-05 -2.61128e-06 -2.47857e-05 -0.000106685 -0.000179432     0.105408 -3.69472e-05 -5.65129e-06
-1.83269e-07  9.90834e-09 -2.54758e-07  4.47793e-07 -1.98997e-08  3.41975e-06  0.000256147 -1.37985e-05 -6.61257e-06  1.31456e-05  4.38252e-16  1.44996e-16  7.23699e-06 -1.92351e-06 -6.19766e-06 -2.29571e-05 -4.65409e-05 -3.69472e-05   0.00764072 -1.64763e-06
   -8.63e-08  -1.4808e-07 -4.61053e-08  8.13076e-08 -3.14337e-09  5.27554e-07  2.04749e-05 -2.85814e-05 -7.47455e-06  4.97517e-06  7.59007e-17  7.26016e-18  1.54489e-06 -7.58171e-07 -9.73691e-07  -3.6639e-06 -7.36558e-06 -5.65129e-06 -1.64763e-06   0.00765484
* row and column names
af_m
af_p
alpha_m
alpha_p
auf_m
auf_p
den_m
den_p
n_m
n_p
perm_m
perm_p
por_m
por_p
tcd_m
tcd_p
tcs_m
tcs_p
wr_m
wr_p
