    26    26     1
    0.315588 -1.07242e-05 -0.000562903  2.15882e-06 -4.77431e-07 -8.25623e-06 -0.000236883    -0.285604    -0.196265 -0.000135531  2.22573e-05 -0.000102663   5.7707e-09  1.32248e-11 -1.12665e-18 -3.05779e-15 -9.53067e-05 -0.000297171  7.91653e-06 -1.24919e-05  0.000124105  1.10557e-05  -2.3596e-06  1.00232e-05 -4.42041e-06 -4.42514e-08
-1.07242e-05     0.317299 -1.19443e-05  1.91995e-06 -2.12545e-06  4.00197e-05 -0.000295686     -0.24719   -0.0394583  7.45677e-05  0.000195355 -0.000199605 -4.75432e-07 -2.88324e-11 -2.18812e-18  1.48645e-15 -0.000575156  3.34851e-06  5.49454e-05  9.77193e-07 -0.000172316  0.000418445  3.58393e-05 -9.07986e-06 -5.36074e-06  -3.5211e-07
-0.000562903 -1.19443e-05    0.0392622   7.7393e-06  6.12488e-06 -7.51725e-05 -0.000360696    -0.633191    -0.201699  -0.00116288   0.00103924 -0.000399795  6.58391e-07  1.25733e-10 -3.95202e-18 -1.98036e-15 -0.000309098 -0.000924175 -1.84948e-06 -6.05868e-06  0.000370523  0.000501699  0.000106781  4.42903e-05 -6.46106e-05 -3.04054e-07
 2.15882e-06  1.91995e-06   7.7393e-06  4.29359e-07 -6.51409e-09  2.54837e-07  1.87206e-06   0.00281367  0.000698683  2.50156e-06 -5.12056e-06 -2.97214e-07  -2.2963e-10 -3.21836e-13  2.37091e-20  4.19485e-18  2.52797e-06  2.55919e-06 -1.21428e-07  6.75284e-09 -1.58566e-06 -2.62373e-06 -5.28615e-07 -1.04807e-07  1.81571e-07  2.14211e-09
-4.77431e-07 -2.12545e-06  6.12488e-06 -6.51409e-09  6.12321e-06  4.75167e-07 -5.08113e-07  0.000712364  0.000209148  2.34716e-06 -2.46331e-06 -1.12386e-05  -2.3784e-09 -2.51028e-13 -3.35662e-21  3.09436e-18 -1.10587e-06 -6.14648e-07  1.03177e-07  4.01807e-09 -4.27543e-07  -2.1065e-06 -3.79168e-07  7.64838e-08  2.36254e-07  1.10841e-10
-8.25623e-06  4.00197e-05 -7.51725e-05  2.54837e-07  4.75167e-07    0.0686754 -1.73532e-06  -0.00943427   -0.0053531 -2.94025e-05  4.60927e-05  4.19376e-05 -1.28962e-08  7.17407e-12  -1.2795e-19 -1.36906e-16  1.14239e-05 -2.27161e-05 -6.19552e-06 -7.25798e-08 -3.24023e-05   1.7496e-05  4.78408e-06  1.38701e-06 -2.11654e-06 -1.26779e-08
-0.000236883 -0.000295686 -0.000360696  1.87206e-06 -5.08113e-07 -1.73532e-06    0.0331362    -0.228874    -0.100923 -8.73241e-05  0.000153379 -5.63004e-05 -8.02845e-08  5.79978e-12  -1.4956e-18 -1.11031e-15  -0.00019045 -0.000179161  1.42147e-05 -5.27164e-06 -7.10757e-07  0.000146633  1.73694e-05  3.76575e-06 -7.10102e-06 -1.49204e-07
   -0.285604     -0.24719    -0.633191   0.00281367  0.000712364  -0.00943427    -0.228874       225226     -127.582     -0.18077     0.344882    0.0621868 -0.000477254  2.50783e-08 -1.90402e-15 -1.43282e-12    -0.214498    -0.218522    0.0316449  -0.00595554     0.225457     0.228885    0.0300677   0.00620454   -0.0144582 -0.000222216
   -0.196265   -0.0394583    -0.201699  0.000698683  0.000209148   -0.0053531    -0.100923     -127.582       113798   -0.0493515   -0.0142294   0.00997148 -3.66906e-05  4.28085e-09 -3.16556e-16 -1.44624e-12   -0.0510929   -0.0868027   0.00188967  -0.00599243    0.0206679    0.0098472 -0.000849956   0.00251308  -0.00259437 -2.44357e-05
-0.000135531  7.45677e-05  -0.00116288  2.50156e-06  2.34716e-06 -2.94025e-05 -8.73241e-05     -0.18077   -0.0493515    0.0128974  0.000379626 -0.000136241  3.59208e-07  5.66318e-11 -1.33955e-18 -5.70944e-16 -8.01246e-05 -0.000327253 -3.94889e-06 -1.25708e-06  0.000198969  0.000173249  4.32791e-05  1.41995e-05 -2.35495e-05 -6.70763e-08
 2.22573e-05  0.000195355   0.00103924 -5.12056e-06 -2.46331e-06  4.60927e-05  0.000153379     0.344882   -0.0142294  0.000379626     0.261415 -0.000288498  2.16564e-08 -7.40892e-11  2.62022e-18 -1.14256e-15  0.000328003  0.000247412 -2.56125e-05  -7.0418e-06 -0.000457515 -0.000636692 -0.000101838  -1.6837e-05  2.99407e-05  3.05684e-07
-0.000102663 -0.000199605 -0.000399795 -2.97214e-07 -1.12386e-05  4.19376e-05 -5.63004e-05    0.0621868   0.00997148 -0.000136241 -0.000288498    0.0495529  1.62595e-07 -7.56312e-12 -1.76161e-19  2.50628e-16 -0.000980126  0.000530623   1.1632e-05  -1.8355e-06  2.91668e-05 -0.000187816  -2.3325e-05  0.000233252  4.97025e-06 -4.81815e-08
  5.7707e-09 -4.75432e-07  6.58391e-07  -2.2963e-10  -2.3784e-09 -1.28962e-08 -8.02845e-08 -0.000477254 -3.66906e-05  3.59208e-07  2.16564e-08  1.62595e-07  5.62384e-05 -9.81588e-15 -5.73926e-23  1.44194e-19 -2.14064e-07   3.6551e-07  5.46646e-08 -1.80545e-09 -5.21691e-07  2.06901e-07 -2.40419e-08 -2.39362e-08  1.02355e-08 -1.53202e-09
 1.32248e-11 -2.88324e-11  1.25733e-10 -3.21836e-13 -2.51028e-13  7.17407e-12  5.79978e-12  2.50783e-08  4.28085e-09  5.66318e-11 -7.40892e-11 -7.56312e-12 -9.81588e-15  1.40625e-05   1.3068e-25  9.00516e-23  4.52529e-12  6.57238e-11  -9.6161e-13   7.5035e-14 -7.22071e-11 -4.87761e-11 -9.78009e-12 -1.68951e-12  2.39854e-12  6.58357e-15
-1.12665e-18 -2.18812e-18 -3.95202e-18  2.37091e-20 -3.35662e-21  -1.2795e-19  -1.4956e-18 -1.90402e-15 -3.16556e-16 -1.33955e-18  2.62022e-18 -1.76161e-19 -5.73926e-23   1.3068e-25  1.40621e-27 -5.47205e-30 -1.18369e-18  -1.7491e-18  3.90134e-20 -2.26898e-20 -1.13995e-18  9.91038e-19  1.98314e-19 -4.17761e-20 -1.31818e-19 -2.28804e-21
-3.05779e-15  1.48645e-15 -1.98036e-15  4.19485e-18  3.09436e-18 -1.36906e-16 -1.11031e-15 -1.43282e-12 -1.44624e-12 -5.70944e-16 -1.14256e-15  2.50628e-16  1.44194e-19  9.00516e-23 -5.47205e-30  4.01964e-22  4.06792e-16 -1.77349e-15 -7.07585e-17 -1.18475e-16  5.78868e-16 -6.12697e-16  -1.1895e-16 -1.65254e-17 -1.07283e-17  1.29009e-19
-9.53067e-05 -0.000575156 -0.000309098  2.52797e-06 -1.10587e-06  1.14239e-05  -0.00019045    -0.214498   -0.0510929 -8.01246e-05  0.000328003 -0.000980126 -2.14064e-07  4.52529e-12 -1.18369e-18  4.06792e-16    0.0297039  2.57355e-05  4.21744e-05 -1.52971e-06  0.000273883  0.000346259 -7.33745e-05 -7.69866e-06 -6.05763e-06 -1.54842e-07
-0.000297171  3.34851e-06 -0.000924175  2.55919e-06 -6.14648e-07 -2.27161e-05 -0.000179161    -0.218522   -0.0868027 -0.000327253  0.000247412  0.000530623   3.6551e-07  6.57238e-11  -1.7491e-18 -1.77349e-15  2.57355e-05    0.0266224 -7.66066e-06  -6.0983e-06  0.000106893  5.12092e-05  1.99579e-05 -2.06909e-05 -8.94687e-06 -1.25939e-07
 7.91653e-06  5.49454e-05 -1.84948e-06 -1.21428e-07  1.03177e-07 -6.19552e-06  1.42147e-05    0.0316449   0.00188967 -3.94889e-06 -2.56125e-05   1.1632e-05  5.46646e-08  -9.6161e-13  3.90134e-20 -7.07585e-17  4.21744e-05 -7.66066e-06     0.136258  1.01201e-07 -8.61262e-05 -3.50796e-05 -4.09126e-06  5.70415e-07 -1.80755e-07  1.94988e-08
-1.24919e-05  9.77193e-07 -6.05868e-06  6.75284e-09  4.01807e-09 -7.25798e-08 -5.27164e-06  -0.00595554  -0.00599243 -1.25708e-06  -7.0418e-06  -1.8355e-06 -1.80545e-09   7.5035e-14 -2.26898e-20 -1.18475e-16 -1.52971e-06  -6.0983e-06  1.01201e-07   0.00143466  1.87158e-06 -1.87602e-06 -5.98446e-07 -1.73244e-07  6.35974e-09  2.48884e-10
 0.000124105 -0.000172316  0.000370523 -1.58566e-06 -4.27543e-07 -3.24023e-05 -7.10757e-07     0.225457    0.0206679  0.000198969 -0.000457515  2.91668e-05 -5.21691e-07 -7.22071e-11 -1.13995e-18  5.78868e-16  0.000273883  0.000106893 -8.61262e-05  1.87158e-06     0.125263 -0.000343723 -9.40008e-05 -3.09475e-06  7.64641e-07 -1.85458e-07
 1.10557e-05  0.000418445  0.000501699 -2.62373e-06  -2.1065e-06   1.7496e-05  0.000146633     0.228885    0.0098472  0.000173249 -0.000636692 -0.000187816  2.06901e-07 -4.87761e-11  9.91038e-19 -6.12697e-16  0.000346259  5.12092e-05 -3.50796e-05 -1.87602e-06 -0.000343723    0.0265386 -8.57426e-05 -2.84823e-06   1.4133e-05  1.87964e-07
 -2.3596e-06  3.58393e-05  0.000106781 -5.28615e-07 -3.79168e-07  4.78408e-06  1.73694e-05    0.0300677 -0.000849956  4.32791e-05 -0.000101838  -2.3325e-05 -2.40419e-08 -9.78009e-12  1.98314e-19  -1.1895e-16 -7.33745e-05  1.99579e-05 -4.09126e-06 -5.98446e-07 -9.40008e-05 -8.57426e-05   0.00353524 -9.90873e-07  2.86688e-06  2.45149e-08
 1.00232e-05 -9.07986e-06  4.42903e-05 -1.04807e-07  7.64838e-08  1.38701e-06  3.76575e-06   0.00620454   0.00251308  1.41995e-05  -1.6837e-05  0.000233252 -2.39362e-08 -1.68951e-12 -4.17761e-20 -1.65254e-17 -7.69866e-06 -2.06909e-05  5.70415e-07 -1.73244e-07 -3.09475e-06 -2.84823e-06 -9.90873e-07    0.0019296  6.12486e-07 -4.38714e-10
-4.42041e-06 -5.36074e-06 -6.46106e-05  1.81571e-07  2.36254e-07 -2.11654e-06 -7.10102e-06   -0.0144582  -0.00259437 -2.35495e-05  2.99407e-05  4.97025e-06  1.02355e-08  2.39854e-12 -1.31818e-19 -1.07283e-17 -6.05763e-06 -8.94687e-06 -1.80755e-07  6.35974e-09  7.64641e-07   1.4133e-05  2.86688e-06  6.12486e-07  0.000223043   -1.304e-08
-4.42514e-08  -3.5211e-07 -3.04054e-07  2.14211e-09  1.10841e-10 -1.26779e-08 -1.49204e-07 -0.000222216 -2.44357e-05 -6.70763e-08  3.05684e-07 -4.81815e-08 -1.53202e-09  6.58357e-15 -2.28804e-21  1.29009e-19 -1.54842e-07 -1.25939e-07  1.94988e-08  2.48884e-10 -1.85458e-07  1.87964e-07  2.45149e-08 -4.38714e-10   -1.304e-08  3.51506e-06
* row and column names
af_m
af_p
albedo_bg
alpha_m
alpha_p
auf_m
auf_p
den_m
den_p
e_bg
n_m
n_p
pen_s
pen_w
perm_m
perm_p
por_m
por_p
tcd_m
tcd_p
tcs_m
tcs_p
wr_m
wr_p
z_bg
z_s
