    26    26     1
    0.315011  -0.00105831   -0.0016159  5.94674e-06 -3.54686e-06  -0.00026436   0.00140405    -0.335643    -0.192896 -0.000324252  0.000479689 -0.000132964  2.09789e-08            0 -1.40599e-17 -3.07495e-15 -0.000122511 -0.000285989 -0.000592089 -1.99083e-05   0.00013677  8.15045e-05  8.17107e-07 -1.37062e-05 -1.22079e-05  1.01374e-08
 -0.00105831     0.316559  -0.00190941  7.37078e-06 -1.17417e-05  -0.00016481   0.00169783    -0.593538    -0.273251 -0.000269641  0.000689653 -0.000468879 -8.16627e-08            0 -1.68025e-17 -1.10055e-15 -0.000698887 -0.000203468 -0.000501102 -2.75991e-05  0.000563869  0.000295772  1.45839e-05 -2.25755e-05 -8.56698e-06  -5.4496e-09
  -0.0016159  -0.00190941    0.0379241  1.07945e-05 -1.08246e-05 -0.000392609   0.00320302     -1.00147    -0.479905 -0.000934998  0.000844849 -0.000568036  1.45354e-07            0 -2.30509e-17 -4.39908e-15  -0.00026996 -0.000893105 -0.000883198 -3.11473e-05  0.000508934  0.000289917 -2.74449e-05  -1.6361e-05  -3.0665e-05  3.80517e-08
 5.94674e-06  7.37078e-06  1.07945e-05  4.22623e-07  2.92778e-08  1.11441e-06 -8.49198e-06   0.00293944   0.00123539  2.29784e-06 -4.78748e-06  1.74453e-06  5.53253e-11            0  8.88151e-20  1.44985e-17  2.10966e-06  1.01914e-06  2.53431e-06  1.32515e-07  -6.9477e-06 -1.23713e-06 -2.22684e-07  5.11443e-08  8.68883e-08  1.05192e-11
-3.54686e-06 -1.17417e-05 -1.08246e-05  2.92778e-08  6.05435e-06 -3.20427e-07  1.26822e-05  -0.00337783  -0.00238032 -4.08576e-07  1.06175e-06 -1.80601e-05 -5.33983e-10            0 -9.43168e-20  7.85242e-18 -6.83582e-06  1.70614e-07 -2.26977e-06 -1.56694e-07  4.46004e-08  4.43801e-07 -3.68641e-07 -5.24668e-08   8.0451e-08 -1.50032e-10
 -0.00026436  -0.00016481 -0.000392609  1.11441e-06 -3.20427e-07    0.0685918  0.000327323   -0.0496771    -0.059766 -7.40717e-05  5.27942e-05  3.53164e-05  3.18454e-09            0 -2.88213e-18 -8.40324e-16  1.46943e-05  -9.3734e-05 -0.000174214 -3.35711e-06 -0.000192977  1.49289e-05 -4.93554e-06 -1.52749e-06 -3.04884e-06  3.67522e-09
  0.00140405   0.00169783   0.00320302 -8.49198e-06  1.26822e-05  0.000327323    0.0303749     0.786192     0.426415  0.000488297 -0.000516647  0.000365762 -2.77077e-08            0  2.16298e-17  3.57563e-15  0.000288591  0.000632409  0.000834806  3.04399e-05 -0.000207454 -8.81881e-05  5.72998e-05   2.5377e-05  1.11018e-05 -1.09695e-09
   -0.335643    -0.593538     -1.00147   0.00293944  -0.00337783   -0.0496771     0.786192       225217      -122.26    -0.148438     0.273929   -0.0251947 -0.000137628            0 -5.62824e-15 -9.56902e-13   -0.0841657    -0.167824    -0.138381  -0.00778255     0.464968     0.101576   -0.0106223   -0.0138284   -0.0057612 -4.57374e-07
   -0.192896    -0.273251    -0.479905   0.00123539  -0.00238032    -0.059766     0.426415      -122.26       113815   -0.0655298    0.0643609   -0.0289635 -1.12557e-05            0 -3.18341e-15 -4.56582e-13   -0.0735557    -0.074117    -0.131083  -0.00426451   -0.0377059    0.0296286  -0.00847907  -0.00381264  -0.00163447  6.72697e-06
-0.000324252 -0.000269641 -0.000934998  2.29784e-06 -4.08576e-07 -7.40717e-05  0.000488297    -0.148438   -0.0655298    0.0130748  0.000239932 -0.000211128  8.06613e-08            0 -4.35722e-18 -1.10834e-15 -1.86882e-05 -0.000193112 -0.000150762 -6.09002e-06  0.000291898  6.42586e-05  1.17762e-05  3.52179e-06 -9.68107e-06  2.36514e-08
 0.000479689  0.000689653  0.000844849 -4.78748e-06  1.06175e-06  5.27942e-05 -0.000516647     0.273929    0.0643609  0.000239932     0.261725  0.000121845  3.64968e-08            0  8.23877e-18  1.12522e-15  0.000300291  4.22716e-05  0.000111907  1.48096e-05   -0.0013554 -0.000249007 -5.76163e-05 -1.31839e-05  1.17313e-05  4.07343e-09
-0.000132964 -0.000468879 -0.000568036  1.74453e-06 -1.80601e-05  3.53164e-05  0.000365762   -0.0251947   -0.0289635 -0.000211128  0.000121845    0.0262782  1.04778e-07            0 -4.69123e-18  3.25117e-16  -0.00154236   0.00250164 -4.05343e-05 -8.66978e-06   0.00036157 -1.19729e-06   1.4896e-05  0.000266568 -2.64124e-06 -2.39702e-08
 2.09789e-08 -8.16627e-08  1.45354e-07  5.53253e-11 -5.33983e-10  3.18454e-09 -2.77077e-08 -0.000137628 -1.12557e-05  8.06613e-08  3.64968e-08  1.04778e-07  5.62484e-05            0  1.64356e-22  4.98631e-20 -6.05302e-08  9.99857e-08  3.31035e-08 -2.53445e-10 -7.62529e-08  4.70515e-08 -4.98867e-09 -3.90466e-09 -3.68161e-09 -2.43237e-10
           0            0            0            0            0            0            0            0            0            0            0            0            0  1.40625e-05            0            0            0            0            0            0            0            0            0            0            0            0
-1.40599e-17 -1.68025e-17 -2.30509e-17  8.88151e-20 -9.43168e-20 -2.88213e-18  2.16298e-17 -5.62824e-15 -3.18341e-15 -4.35722e-18  8.23877e-18 -4.69123e-18  1.64356e-22            0  1.40601e-27 -3.70037e-29 -3.97481e-18 -2.33923e-18 -7.14598e-18 -3.60747e-19  8.45442e-18  1.52901e-18   1.2914e-19  1.26874e-20 -1.49705e-19  2.80547e-23
-3.07495e-15 -1.10055e-15 -4.39908e-15  1.44985e-17  7.85242e-18 -8.40324e-16  3.57563e-15 -9.56902e-13 -4.56582e-13 -1.10834e-15  1.12522e-15  3.25117e-16  4.98631e-20            0 -3.70037e-29  4.01979e-22  1.42496e-15 -6.45597e-16 -1.61574e-15  -4.3546e-17  6.42173e-16 -2.13204e-16 -5.15023e-17 -1.22457e-17 -4.94343e-17  6.98672e-22
-0.000122511 -0.000698887  -0.00026996  2.10966e-06 -6.83582e-06  1.46943e-05  0.000288591   -0.0841657   -0.0735557 -1.86882e-05  0.000300291  -0.00154236 -6.05302e-08            0 -3.97481e-18  1.42496e-15    0.0299805  0.000101934 -6.00465e-05 -9.12852e-06 -9.35277e-05  0.000127974  -0.00012016 -6.35027e-06   1.6446e-06  8.86241e-10
-0.000285989 -0.000203468 -0.000893105  1.01914e-06  1.70614e-07  -9.3734e-05  0.000632409    -0.167824    -0.074117 -0.000193112  4.22716e-05   0.00250164  9.99857e-08            0 -2.33923e-18 -6.45597e-16  0.000101934    0.0275753 -0.000204861 -3.01732e-06 -0.000178837 -2.93111e-06 -2.10556e-05 -1.85528e-05 -2.13516e-06  3.73895e-08
-0.000592089 -0.000501102 -0.000883198  2.53431e-06 -2.26977e-06 -0.000174214  0.000834806    -0.138381    -0.131083 -0.000150762  0.000111907 -4.05343e-05  3.31035e-08            0 -7.14598e-18 -1.61574e-15 -6.00465e-05 -0.000204861     0.135865 -1.01356e-05 -0.000378848   1.0988e-05 -1.85042e-05 -1.09441e-05 -4.90535e-06  1.47058e-08
-1.99083e-05 -2.75991e-05 -3.11473e-05  1.32515e-07 -1.56694e-07 -3.35711e-06  3.04399e-05  -0.00778255  -0.00426451 -6.09002e-06  1.48096e-05 -8.66978e-06 -2.53445e-10            0 -3.60747e-19  -4.3546e-17 -9.12852e-06 -3.01732e-06 -1.01356e-05   0.00143453  1.52752e-05  3.11891e-06  5.68606e-07  8.45572e-08 -2.12319e-07 -1.27068e-11
  0.00013677  0.000563869  0.000508934  -6.9477e-06  4.46004e-08 -0.000192977 -0.000207454     0.464968   -0.0377059  0.000291898   -0.0013554   0.00036157 -7.62529e-08            0  8.45442e-18  6.42173e-16 -9.35277e-05 -0.000178837 -0.000378848  1.52752e-05     0.121627 -0.000282119  -0.00016325 -1.93358e-05  1.10429e-05  5.35493e-09
 8.15045e-05  0.000295772  0.000289917 -1.23713e-06  4.43801e-07  1.49289e-05 -8.81881e-05     0.101576    0.0296286  6.42586e-05 -0.000249007 -1.19729e-06  4.70515e-08            0  1.52901e-18 -2.13204e-16  0.000127974 -2.93111e-06   1.0988e-05  3.11891e-06 -0.000282119    0.0269788 -2.73276e-05 -2.83514e-06  3.88259e-06  3.53409e-09
 8.17107e-07  1.45839e-05 -2.74449e-05 -2.22684e-07 -3.68641e-07 -4.93554e-06  5.72998e-05   -0.0106223  -0.00847907  1.17762e-05 -5.76163e-05   1.4896e-05 -4.98867e-09            0   1.2914e-19 -5.15023e-17  -0.00012016 -2.10556e-05 -1.85042e-05  5.68606e-07  -0.00016325 -2.73276e-05   0.00354332 -2.82216e-06  8.29816e-07 -2.35248e-10
-1.37062e-05 -2.25755e-05  -1.6361e-05  5.11443e-08 -5.24668e-08 -1.52749e-06   2.5377e-05   -0.0138284  -0.00381264  3.52179e-06 -1.31839e-05  0.000266568 -3.90466e-09            0  1.26874e-20 -1.22457e-17 -6.35027e-06 -1.85528e-05 -1.09441e-05  8.45572e-08 -1.93358e-05 -2.83514e-06 -2.82216e-06   0.00192894  2.40156e-07 -6.64379e-10
-1.22079e-05 -8.56698e-06  -3.0665e-05  8.68883e-08   8.0451e-08 -3.04884e-06  1.11018e-05   -0.0057612  -0.00163447 -9.68107e-06  1.17313e-05 -2.64124e-06 -3.68161e-09            0 -1.49705e-19 -4.94343e-17   1.6446e-06 -2.13516e-06 -4.90535e-06 -2.12319e-07  1.10429e-05  3.88259e-06  8.29816e-07  2.40156e-07  0.000224434 -8.69612e-10
 1.01374e-08  -5.4496e-09  3.80517e-08  1.05192e-11 -1.50032e-10  3.67522e-09 -1.09695e-09 -4.57374e-07  6.72697e-06  2.36514e-08  4.07343e-09 -2.39702e-08 -2.43237e-10            0  2.80547e-23  6.98672e-22  8.86241e-10  3.73895e-08  1.47058e-08 -1.27068e-11  5.35493e-09  3.53409e-09 -2.35248e-10 -6.64379e-10 -8.69612e-10  3.51549e-06
* row and column names
af_m
af_p
albedo_bg
alpha_m
alpha_p
auf_m
auf_p
den_m
den_p
e_bg
n_m
n_p
pen_s
pen_w
perm_m
perm_p
por_m
por_p
tcd_m
tcd_p
tcs_m
tcs_p
wr_m
wr_p
z_bg
z_s
