    26    26     1
    0.315707  0.000215123 -0.000410408  2.18253e-06  4.42921e-07 -0.000184302  9.53225e-05   -0.0107046   0.00498956 -0.000175808  0.000311281  1.04023e-05 -3.28843e-07            0 -4.26438e-18 -6.33473e-15  0.000177461 -0.000155303 -0.000221581 -2.02616e-06  0.000250533  2.97397e-05  1.48343e-05  8.64102e-05 -1.10603e-05 -1.20081e-07
 0.000215123     0.317982  0.000184159 -7.54852e-07 -2.79431e-06  8.40856e-05 -0.000225703   -0.0180829  -0.00442143   0.00012932  -6.8482e-05 -6.02468e-06  1.93518e-08            0  2.10638e-18  3.52357e-15 -0.000351493  0.000126475  0.000159663 -7.81029e-07  -0.00032408  0.000156501  1.11632e-05 -5.06538e-05  7.22202e-06  8.15345e-08
-0.000410408  0.000184159    0.0394845  4.68424e-06 -1.94047e-05 -0.000164823 -0.000230279    -0.278171    0.0349767 -0.000827955   0.00146412 -0.000415732 -8.79756e-08            0 -1.60795e-17 -1.66982e-14   0.00037358 -0.000611663  0.000285945 -4.00802e-06   0.00138113  0.000234534  8.70883e-05  0.000169088 -3.12603e-05 -2.08963e-07
 2.18253e-06 -7.54852e-07  4.68424e-06  4.26222e-07  2.29001e-08    1.085e-06   1.5783e-07   0.00187478 -4.89423e-05  2.22002e-06 -6.24953e-06  1.78836e-06  6.11592e-09            0  5.06402e-20  8.46236e-17  8.09907e-07  1.37255e-07 -5.02302e-07  6.27667e-08 -1.15143e-05  -1.0673e-06 -4.30717e-07 -1.22705e-06  1.14376e-07  1.94857e-09
 4.42921e-07 -2.79431e-06 -1.94047e-05  2.29001e-08  5.86113e-06 -1.47541e-07 -5.00164e-06  -0.00128892  3.26282e-05 -2.96685e-06  1.06646e-05 -1.53135e-05 -4.15026e-09            0 -1.90668e-19 -1.48721e-16 -1.08707e-06 -1.87442e-06  6.48881e-06 -7.37815e-08  2.92413e-06  7.18659e-07  6.82051e-07  1.59947e-06  8.21699e-08 -2.73014e-09
-0.000184302  8.40856e-05 -0.000164823    1.085e-06 -1.47541e-07    0.0685965  3.10389e-05  -0.00613298   0.00229185  -7.5987e-05  0.000135357 -3.03136e-05 -2.86117e-07            0 -2.38489e-18 -3.18044e-15  4.28554e-05 -6.56856e-05 -9.35935e-05 -2.76515e-06  9.19037e-05  1.41295e-05  6.41516e-06  5.32831e-05 -4.41534e-06 -8.83494e-08
 9.53225e-05 -0.000225703 -0.000230279   1.5783e-07 -5.00164e-06  3.10389e-05    0.0331306   -0.0147394   0.00319029 -5.77917e-06  0.000138442  -2.3531e-05  6.16891e-11            0 -1.09574e-18 -1.05277e-16 -0.000158294 -7.85151e-05  0.000152231 -9.80926e-07  6.07304e-06  8.75116e-05  1.66015e-05 -7.50888e-06  3.27779e-06  9.09238e-09
  -0.0107046   -0.0180829    -0.278171   0.00187478  -0.00128892  -0.00613298   -0.0147394       225408     -5.14559   -0.0969809      0.35625  -0.00484571 -0.000396816            0 -2.04199e-15 -3.39448e-12    -0.018587   -0.0126195     0.116397   -0.0024522     0.742065    0.0815069    0.0203691    0.0498162  -0.00690872  -9.3141e-05
  0.00498956  -0.00442143    0.0349767 -4.89423e-05  3.26282e-05   0.00229185   0.00319029     -5.14559       113902   0.00988313   -0.0111143    0.0203579 -1.85019e-05            0  9.67864e-17  1.38963e-13  -0.00667179   0.00760555 -0.000144896  6.34137e-05   -0.0185147  -0.00260601 -0.000871676 -0.000901803   0.00049162  8.60699e-06
-0.000175808   0.00012932 -0.000827955  2.22002e-06 -2.96685e-06  -7.5987e-05 -5.77917e-06   -0.0969809   0.00988313    0.0130173  0.000430225  -0.00024862 -1.27009e-07            0 -4.68402e-18 -6.24708e-15  9.50315e-05  -0.00019635  3.06937e-05 -2.64719e-06  0.000626135  6.18879e-05  2.99042e-05  7.39677e-05 -1.35875e-05 -7.77224e-08
 0.000311281  -6.8482e-05   0.00146412 -6.24953e-06  1.06646e-05  0.000135357  0.000138442      0.35625   -0.0111143  0.000430225     0.261108  0.000159299  6.91447e-07            0  9.41243e-18  1.40786e-14  4.15513e-05  0.000169364 -0.000281611  6.77252e-06  -0.00204803 -0.000275208 -8.96838e-05  -0.00017637  1.87318e-05  2.84202e-07
 1.04023e-05 -6.02468e-06 -0.000415732  1.78836e-06 -1.53135e-05 -3.03136e-05  -2.3531e-05  -0.00484571    0.0203579  -0.00024862  0.000159299    0.0243565 -3.00604e-07            0 -2.28174e-18 -4.67301e-15  -0.00125055   0.00237694  8.55386e-05  -7.9687e-06  0.000382915 -3.48561e-05   1.8376e-05  0.000325091  -6.7365e-06 -1.49157e-07
-3.28843e-07  1.93518e-08 -8.79756e-08  6.11592e-09 -4.15026e-09 -2.86117e-07  6.16891e-11 -0.000396816 -1.85019e-05 -1.27009e-07  6.91447e-07 -3.00604e-07  5.62447e-05            0 -1.21873e-20 -1.50268e-17 -2.87869e-07  1.46919e-07 -3.37806e-08 -2.87288e-08  1.00954e-06  1.35079e-07  3.48562e-08  3.30184e-07 -1.71046e-08 -1.09069e-09
           0            0            0            0            0            0            0            0            0            0            0            0            0  1.40625e-05            0            0            0            0            0            0            0            0            0            0            0            0
-4.26438e-18  2.10638e-18 -1.60795e-17  5.06402e-20 -1.90668e-19 -2.38489e-18 -1.09574e-18 -2.04199e-15  9.67864e-17 -4.68402e-18  9.41243e-18 -2.28174e-18 -1.21873e-20            0  1.40593e-27 -2.49312e-28  3.82786e-18 -5.30348e-18   9.1021e-19 -1.37641e-19   7.7578e-18   4.0363e-20  4.54436e-19  2.74018e-18 -1.12015e-19 -5.23987e-21
-6.33473e-15  3.52357e-15 -1.66982e-14  8.46236e-17 -1.48721e-16 -3.18044e-15 -1.05277e-16 -3.39448e-12  1.38963e-13 -6.24708e-15  1.40786e-14 -4.67301e-15 -1.50268e-17            0 -2.49312e-28  4.01704e-22  2.00024e-15 -3.75785e-15   7.6626e-16 -1.64831e-16   1.7837e-14  8.15242e-16  7.95922e-16  3.46798e-15 -2.41726e-16 -5.56982e-18
 0.000177461 -0.000351493   0.00037358  8.09907e-07 -1.08707e-06  4.28554e-05 -0.000158294    -0.018587  -0.00667179  9.50315e-05  4.15513e-05  -0.00125055 -2.87869e-07            0  3.82786e-18  2.00024e-15    0.0298048  0.000269503  0.000116259 -4.89828e-06 -0.000519058  7.09367e-05 -0.000135239 -5.12817e-06  5.39734e-06  -6.9114e-09
-0.000155303  0.000126475 -0.000611663  1.37255e-07 -1.87442e-06 -6.56856e-05 -7.85151e-05   -0.0126195   0.00760555  -0.00019635  0.000169364   0.00237694  1.46919e-07            0 -5.30348e-18 -3.75785e-15  0.000269503    0.0275565 -4.37657e-05  1.60329e-06 -7.23311e-05  -1.4759e-05  4.35331e-07  9.99695e-06 -1.34852e-06  3.46803e-09
-0.000221581  0.000159663  0.000285945 -5.02302e-07  6.48881e-06 -9.35935e-05  0.000152231     0.116397 -0.000144896  3.06937e-05 -0.000281611  8.55386e-05 -3.37806e-08            0   9.1021e-19   7.6626e-16  0.000116259 -4.37657e-05      0.13594  5.01067e-07  -0.00047654 -6.18475e-05 -2.51461e-05 -2.36606e-06 -2.59671e-06  2.04204e-08
-2.02616e-06 -7.81029e-07 -4.00802e-06  6.27667e-08 -7.37815e-08 -2.76515e-06 -9.80926e-07   -0.0024522  6.34137e-05 -2.64719e-06  6.77252e-06  -7.9687e-06 -2.87288e-08            0 -1.37641e-19 -1.64831e-16 -4.89828e-06  1.60329e-06  5.01067e-07   0.00143478  1.16597e-05  1.08339e-06  5.57912e-07  3.94584e-06 -1.07326e-07  -7.7274e-09
 0.000250533  -0.00032408   0.00138113 -1.15143e-05  2.92413e-06  9.19037e-05  6.07304e-06     0.742065   -0.0185147  0.000626135  -0.00204803  0.000382915  1.00954e-06            0   7.7578e-18   1.7837e-14 -0.000519058 -7.23311e-05  -0.00047654  1.16597e-05     0.120074 -0.000337956 -0.000170827 -0.000261401  3.10425e-05  3.88096e-07
 2.97397e-05  0.000156501  0.000234534  -1.0673e-06  7.18659e-07  1.41295e-05  8.75116e-05    0.0815069  -0.00260601  6.18879e-05 -0.000275208 -3.48561e-05  1.35079e-07            0   4.0363e-20  8.15242e-16  7.09367e-05  -1.4759e-05 -6.18475e-05  1.08339e-06 -0.000337956     0.026996 -2.64922e-05 -1.24629e-05  3.99549e-06  2.39193e-08
 1.48343e-05  1.11632e-05  8.70883e-05 -4.30717e-07  6.82051e-07  6.41516e-06  1.66015e-05    0.0203691 -0.000871676  2.99042e-05 -8.96838e-05   1.8376e-05  3.48562e-08            0  4.54436e-19  7.95922e-16 -0.000135239  4.35331e-07 -2.51461e-05  5.57912e-07 -0.000170827 -2.64922e-05   0.00354955 -1.04807e-05  1.08237e-06  1.53088e-08
 8.64102e-05 -5.06538e-05  0.000169088 -1.22705e-06  1.59947e-06  5.32831e-05 -7.50888e-06    0.0498162 -0.000901803  7.39677e-05  -0.00017637  0.000325091  3.30184e-07            0  2.74018e-18  3.46798e-15 -5.12817e-06  9.99695e-06 -2.36606e-06  3.94584e-06 -0.000261401 -1.24629e-05 -1.04807e-05   0.00187234  3.31939e-06  1.05383e-07
-1.10603e-05  7.22202e-06 -3.12603e-05  1.14376e-07  8.21699e-08 -4.41534e-06  3.27779e-06  -0.00690872   0.00049162 -1.35875e-05  1.87318e-05  -6.7365e-06 -1.71046e-08            0 -1.12015e-19 -2.41726e-16  5.39734e-06 -1.34852e-06 -2.59671e-06 -1.07326e-07  3.10425e-05  3.99549e-06  1.08237e-06  3.31939e-06  0.000224066  -6.2188e-09
-1.20081e-07  8.15345e-08 -2.08963e-07  1.94857e-09 -2.73014e-09 -8.83494e-08  9.09238e-09  -9.3141e-05  8.60699e-06 -7.77224e-08  2.84202e-07 -1.49157e-07 -1.09069e-09            0 -5.23987e-21 -5.56982e-18  -6.9114e-09  3.46803e-09  2.04204e-08  -7.7274e-09  3.88096e-07  2.39193e-08  1.53088e-08  1.05383e-07  -6.2188e-09  3.51522e-06
* row and column names
af_m
af_p
albedo_bg
alpha_m
alpha_p
auf_m
auf_p
den_m
den_p
e_bg
n_m
n_p
pen_s
pen_w
perm_m
perm_p
por_m
por_p
tcd_m
tcd_p
tcs_m
tcs_p
wr_m
wr_p
z_bg
z_s
