    26    26     1
    0.315848 -4.66621e-05 -0.000154689  1.43953e-06  3.10675e-06 -0.000130648  8.12164e-05  -0.00936156  -0.00691446 -5.98299e-05  2.44137e-05  0.000156616 -7.86622e-08            0 -2.36538e-18 -1.88699e-15   0.00012229 -7.67955e-05 -0.000226325  -5.3023e-07 -0.000135581  2.64659e-06  3.13327e-06 -7.34243e-07 -3.20912e-06 -1.43122e-08
-4.66621e-05      0.31711 -0.000175164  6.73256e-06 -6.70209e-06  4.37727e-05  0.000146105    -0.374065   -0.0792469 -0.000102145  0.000534102 -0.000125853 -2.71002e-07            0 -4.73476e-18  -2.7675e-15 -0.000416918 -0.000197201 -4.84555e-05  3.34909e-06  0.000361611  0.000272564  3.77074e-05  -4.1112e-05 -2.66032e-06 -5.00559e-08
-0.000154689 -0.000175164     0.040676  5.93808e-06  6.68037e-07   1.2847e-06  3.59133e-05    -0.241342   -0.0116065 -0.000547624  0.000645969 -0.000388618  4.12336e-07            0 -1.74474e-18 -2.83678e-15 -0.000110491  -0.00033329   8.0365e-06  3.99425e-06   0.00123743  0.000193248  6.77934e-05   1.7762e-05 -2.10952e-05  1.45396e-07
 1.43953e-06  6.73256e-06  5.93808e-06  3.77729e-07  5.79261e-08 -2.13397e-07 -1.89814e-06   0.00304458  0.000100482  2.86634e-06 -6.70489e-06  2.44266e-06  4.01767e-10            0  5.19454e-20  4.01623e-17  3.10449e-06  2.74117e-06  9.54297e-07 -6.98063e-08 -1.17717e-05 -1.41613e-06 -5.58726e-07  1.68452e-07  5.39936e-08  7.06066e-11
 3.10675e-06 -6.70209e-06  6.68037e-07  5.79261e-08  6.03288e-06  2.21172e-06  1.02701e-06 -0.000575892  0.000232926  -6.8509e-07  5.13461e-06 -1.78803e-05   2.1205e-11            0 -1.64936e-20 -8.86657e-18 -6.22483e-06 -3.44845e-07  8.59278e-07   1.3984e-07   3.9163e-06  3.96409e-07  2.60551e-07 -1.96297e-07  8.66232e-08  -1.5766e-11
-0.000130648  4.37727e-05   1.2847e-06 -2.13397e-07  2.21172e-06    0.0686113  1.76278e-05    0.0238809 -0.000902139  1.02254e-06 -6.19078e-05  0.000119254 -3.76486e-08            0 -5.98871e-19 -4.84045e-16   0.00011134 -2.80717e-05 -0.000106375 -7.80771e-07 -0.000231852 -1.77822e-05 -6.24511e-06  2.35513e-07 -1.16926e-06 -7.18567e-09
 8.12164e-05  0.000146105  3.59133e-05 -1.89814e-06  1.02701e-06  1.76278e-05    0.0332148    0.0624189   0.00245763  3.91204e-05 -9.39345e-05 -2.09494e-05  5.12302e-08            0  2.46652e-18  1.75459e-15 -2.77113e-05  3.08677e-05  7.76726e-05 -1.93962e-06 -6.75821e-05  2.15048e-05  2.01813e-07  6.50686e-06 -2.67659e-07  1.75745e-08
 -0.00936156    -0.374065    -0.241342   0.00304458 -0.000575892    0.0238809    0.0624189       225351      -26.755     -0.08048     0.304418    0.0576266 -0.000199094            0 -1.99419e-15 -1.58968e-12   -0.0459838   -0.0732663    0.0277631   0.00107519     0.642954     0.097892    0.0181025   -0.0103268  -0.00442761 -1.18115e-05
 -0.00691446   -0.0792469   -0.0116065  0.000100482  0.000232926 -0.000902139   0.00245763      -26.755       113890  0.000408533    0.0130596  -0.00495296 -4.35113e-05            0 -1.34401e-16 -2.65313e-14   -0.0190938  -0.00780958   0.00124055 -0.000665233  -0.00118392    0.0199594   0.00120996  -0.00372472 -0.000640416 -1.26281e-06
-5.98299e-05 -0.000102145 -0.000547624  2.86634e-06  -6.8509e-07  1.02254e-06  3.91204e-05     -0.08048  0.000408533    0.0131032  0.000220272 -0.000250277  1.02468e-07            0 -1.18346e-18 -1.27565e-15  -3.2173e-05 -0.000196013 -3.89481e-05  2.33652e-06  0.000452162  5.37878e-05  2.52853e-05  -2.4594e-06  -7.3073e-06   4.3279e-08
 2.44137e-05  0.000534102  0.000645969 -6.70489e-06  5.13461e-06 -6.19078e-05 -9.39345e-05     0.304418    0.0130596  0.000220272     0.261812  0.000107637  1.93789e-08            0  3.17985e-18  2.54477e-15  0.000330345  0.000168747 -3.80271e-05 -5.99016e-06  -0.00143107 -0.000221194 -5.70503e-05  1.24582e-05  6.46793e-06 -4.71383e-09
 0.000156616 -0.000125853 -0.000388618  2.44266e-06 -1.78803e-05  0.000119254 -2.09494e-05    0.0576266  -0.00495296 -0.000250277  0.000107637    0.0260129  3.04262e-07            0  1.04542e-19  4.40547e-16   -0.0015137   0.00246666  0.000126801  1.70364e-06  0.000502574 -3.17529e-06  2.36893e-05  0.000256356 -2.08888e-06  2.65169e-08
-7.86622e-08 -2.71002e-07  4.12336e-07  4.01767e-10   2.1205e-11 -3.76486e-08  5.12302e-08 -0.000199094 -4.35113e-05  1.02468e-07  1.93789e-08  3.04262e-07  5.62475e-05            0 -1.44629e-21 -4.97479e-19 -4.18165e-08  9.63734e-08 -2.57247e-08 -2.56718e-09 -5.62669e-08  6.61946e-08  -9.8052e-09  -8.6455e-09  -2.7979e-09 -4.07719e-10
           0            0            0            0            0            0            0            0            0            0            0            0            0  1.40625e-05            0            0            0            0            0            0            0            0            0            0            0            0
-2.36538e-18 -4.73476e-18 -1.74474e-18  5.19454e-20 -1.64936e-20 -5.98871e-19  2.46652e-18 -1.99419e-15 -1.34401e-16 -1.18346e-18  3.17985e-18  1.04542e-19 -1.44629e-21            0  1.40619e-27 -4.25461e-29  1.62531e-19 -3.01832e-19 -2.05009e-18   4.0523e-20  3.89698e-18  2.04888e-19  1.18291e-19 -1.91769e-19 -2.11634e-20 -3.65923e-22
-1.88699e-15  -2.7675e-15 -2.83678e-15  4.01623e-17 -8.86657e-18 -4.84045e-16  1.75459e-15 -1.58968e-12 -2.65313e-14 -1.27565e-15  2.54477e-15  4.40547e-16 -4.97479e-19            0 -4.25461e-29   4.0196e-22  8.95348e-16 -1.02134e-15 -1.68575e-15  3.82352e-17  2.63751e-15  5.33449e-17  1.00237e-16 -1.23555e-16  -3.5112e-17 -1.27478e-19
  0.00012229 -0.000416918 -0.000110491  3.10449e-06 -6.22483e-06   0.00011134 -2.77113e-05   -0.0459838   -0.0190938  -3.2173e-05  0.000330345   -0.0015137 -4.18165e-08            0  1.62531e-19  8.95348e-16     0.029804  0.000168643  0.000160267   4.1057e-08  0.000255205  0.000133074 -0.000104915  3.99693e-06  3.85783e-06  5.76326e-09
-7.67955e-05 -0.000197201  -0.00033329  2.74117e-06 -3.44845e-07 -2.80717e-05  3.08677e-05   -0.0732663  -0.00780958 -0.000196013  0.000168747   0.00246666  9.63734e-08            0 -3.01832e-19 -1.02134e-15  0.000168643    0.0275204 -0.000131389  4.54197e-06  2.37292e-05  4.15971e-06  5.48041e-06 -3.27464e-05 -2.47369e-06  3.20399e-08
-0.000226325 -4.84555e-05   8.0365e-06  9.54297e-07  8.59278e-07 -0.000106375  7.76726e-05    0.0277631   0.00124055 -3.89481e-05 -3.80271e-05  0.000126801 -2.57247e-08            0 -2.05009e-18 -1.68575e-15  0.000160267 -0.000131389     0.136003  1.78444e-06 -0.000473904 -4.57489e-05 -1.28286e-05 -1.67798e-05 -2.32211e-06 -2.04292e-10
 -5.3023e-07  3.34909e-06  3.99425e-06 -6.98063e-08   1.3984e-07 -7.80771e-07 -1.93962e-06   0.00107519 -0.000665233  2.33652e-06 -5.99016e-06  1.70364e-06 -2.56718e-09            0   4.0523e-20  3.82352e-17   4.1057e-08  4.54197e-06  1.78444e-06   0.00143499 -2.26568e-06  3.77161e-07   -1.615e-07  2.88864e-07  8.66127e-09 -5.55246e-10
-0.000135581  0.000361611   0.00123743 -1.17717e-05   3.9163e-06 -0.000231852 -6.75821e-05     0.642954  -0.00118392  0.000452162  -0.00143107  0.000502574 -5.62669e-08            0  3.89698e-18  2.63751e-15  0.000255205  2.37292e-05 -0.000473904 -2.26568e-06     0.120748 -0.000373292 -0.000189429 -2.50242e-05  1.03328e-05 -6.56681e-09
 2.64659e-06  0.000272564  0.000193248 -1.41613e-06  3.96409e-07 -1.77822e-05  2.15048e-05     0.097892    0.0199594  5.37878e-05 -0.000221194 -3.17529e-06  6.61946e-08            0  2.04888e-19  5.33449e-17  0.000133074  4.15971e-06 -4.57489e-05  3.77161e-07 -0.000373292    0.0269897  -2.7463e-05  2.30828e-06  2.57267e-06  5.52572e-09
 3.13327e-06  3.77074e-05  6.77934e-05 -5.58726e-07  2.60551e-07 -6.24511e-06  2.01813e-07    0.0181025   0.00120996  2.52853e-05 -5.70503e-05  2.36893e-05  -9.8052e-09            0  1.18291e-19  1.00237e-16 -0.000104915  5.48041e-06 -1.28286e-05   -1.615e-07 -0.000189429  -2.7463e-05   0.00354735 -5.27588e-07  5.54157e-07 -1.84087e-09
-7.34243e-07  -4.1112e-05   1.7762e-05  1.68452e-07 -1.96297e-07  2.35513e-07  6.50686e-06   -0.0103268  -0.00372472  -2.4594e-06  1.24582e-05  0.000256356  -8.6455e-09            0 -1.91769e-19 -1.23555e-16  3.99693e-06 -3.27464e-05 -1.67798e-05  2.88864e-07 -2.50242e-05  2.30828e-06 -5.27588e-07   0.00192702 -4.70157e-07 -2.32849e-09
-3.20912e-06 -2.66032e-06 -2.10952e-05  5.39936e-08  8.66232e-08 -1.16926e-06 -2.67659e-07  -0.00442761 -0.000640416  -7.3073e-06  6.46793e-06 -2.08888e-06  -2.7979e-09            0 -2.11634e-20  -3.5112e-17  3.85783e-06 -2.47369e-06 -2.32211e-06  8.66127e-09  1.03328e-05  2.57267e-06  5.54157e-07 -4.70157e-07  0.000224501  3.75356e-11
-1.43122e-08 -5.00559e-08  1.45396e-07  7.06066e-11  -1.5766e-11 -7.18567e-09  1.75745e-08 -1.18115e-05 -1.26281e-06   4.3279e-08 -4.71383e-09  2.65169e-08 -4.07719e-10            0 -3.65923e-22 -1.27478e-19  5.76326e-09  3.20399e-08 -2.04292e-10 -5.55246e-10 -6.56681e-09  5.52572e-09 -1.84087e-09 -2.32849e-09  3.75356e-11  3.51545e-06
* row and column names
af_m
af_p
albedo_bg
alpha_m
alpha_p
auf_m
auf_p
den_m
den_p
e_bg
n_m
n_p
pen_s
pen_w
perm_m
perm_p
por_m
por_p
tcd_m
tcd_p
tcs_m
tcs_p
wr_m
wr_p
z_bg
z_s
