    26    26     1
    0.314874  0.000187814 -0.000406527  5.55722e-06 -1.01219e-05 -0.000244286   0.00080657    -0.393637   -0.0501171 -0.000270523  0.000324674 -0.000183382 -1.60503e-06  1.36652e-07 -3.67701e-18 -1.31968e-14  0.000195513 -0.000193301 -0.000474929  -3.0561e-05   0.00151716  5.40074e-05   1.3787e-05  1.98849e-06 -3.36751e-05 -3.90168e-07
 0.000187814     0.317648  0.000474147  1.24421e-06 -6.59263e-06  7.85202e-05 -8.39141e-05   -0.0648147    -0.130796  5.12476e-05  0.000130853  0.000101438  -5.7579e-07 -3.27548e-08  2.32048e-18 -2.12104e-15 -0.000340424  1.63928e-05  0.000216668 -3.93316e-06 -0.000317758   0.00016331  1.74045e-05  6.52931e-05  7.59976e-06 -1.29478e-07
-0.000406527  0.000474147    0.0405917      2.5e-06 -2.53722e-06 -8.56911e-05  0.000259632    -0.232141    0.0711462 -0.000470842  0.000413635 -0.000520305 -2.24741e-07  4.44462e-08 -1.81383e-18  -5.4398e-15  4.76335e-05 -0.000273135 -0.000128909  -9.0574e-06   0.00119948  0.000167158  3.04419e-05 -3.70507e-05 -3.43729e-05 -1.80838e-08
 5.55722e-06  1.24421e-06      2.5e-06  4.16141e-07  1.22514e-07  5.13661e-07 -5.09065e-06   0.00384317  0.000756291  2.18571e-06 -4.27756e-06  2.24688e-06  1.26506e-08 -4.91874e-10  1.36749e-20  1.10604e-16  1.14898e-06  1.47856e-06  4.27471e-07  2.09857e-07 -1.48331e-05 -9.14443e-07 -2.79383e-07 -2.36539e-07  2.00074e-07  3.17223e-09
-1.01219e-05 -6.59263e-06 -2.53722e-06  1.22514e-07  5.78455e-06 -4.31257e-07  1.21298e-05  -0.00766621   -0.0022502 -5.37156e-06  7.76585e-06 -2.11649e-05 -3.25966e-08  2.38105e-10 -1.27379e-20 -3.24617e-16 -8.94605e-06 -7.96967e-06   9.5766e-07 -4.96554e-07  2.87675e-05  1.61724e-06  6.29293e-07  9.13851e-07 -3.13282e-07 -8.20724e-09
-0.000244286  7.85202e-05 -8.56911e-05  5.13661e-07 -4.31257e-07     0.068611  7.54678e-05  -0.00445513    0.0021957 -3.99751e-05   -4.668e-06 -3.71046e-06 -9.57439e-08  3.16845e-08  -7.1449e-19 -1.60681e-15  8.12307e-05 -8.44198e-05  -0.00014795 -2.71779e-06  6.01157e-05 -6.19049e-07 -2.21625e-06 -3.07436e-06 -4.52234e-06 -2.01412e-08
  0.00080657 -8.39141e-05  0.000259632 -5.09065e-06  1.21298e-05  7.54678e-05    0.0325254     0.448228    0.0517382  0.000211362  -0.00034756  0.000260829  1.72646e-06 -5.53004e-08  2.59152e-18  1.17427e-14  7.23236e-05  5.89007e-05  0.000142294  2.95043e-05  -0.00161679 -3.24966e-05 -1.80907e-05  6.99397e-07   2.7114e-05  4.34943e-07
   -0.393637   -0.0648147    -0.232141   0.00384317  -0.00766621  -0.00445513     0.448228       225176     -42.6515    -0.136147     0.376164   -0.0996401  -0.00127886  3.96624e-05 -1.46148e-15 -7.28002e-12   -0.0779462   -0.0273768    0.0223453   -0.0181722      1.42225     0.101295    0.0201101   0.00166212   -0.0193416 -0.000285608
  -0.0501171    -0.130796    0.0711462  0.000756291   -0.0022502    0.0021957    0.0517382     -42.6515       113857   -0.0251376    0.0476877   0.00114356 -0.000254111   2.6271e-06  3.26911e-16 -2.11079e-12  0.000530174    -0.029335     0.010537  -0.00370209   0.00615049   0.00736657   0.00146847    0.0240818  -0.00118536 -5.29615e-05
-0.000270523  5.12476e-05 -0.000470842  2.18571e-06 -5.37156e-06 -3.99751e-05  0.000211362    -0.136147   -0.0251376    0.0130744  0.000171424 -0.000327104 -3.34163e-07  1.89393e-08 -7.31518e-19 -5.50439e-15   1.2397e-05 -0.000245964 -5.80602e-05 -8.17011e-06   0.00059385  4.89155e-05  1.46523e-05  7.91496e-06 -1.51566e-05 -6.22391e-08
 0.000324674  0.000130853  0.000413635 -4.27756e-06  7.76585e-06   -4.668e-06  -0.00034756     0.376164    0.0476877  0.000171424     0.261984  0.000109345  9.97237e-07 -3.49384e-08  9.12451e-19  6.87012e-15  0.000169697  -2.5585e-05 -8.09408e-05  1.50321e-05  -0.00140772 -0.000181178  -3.5151e-05 -1.11045e-05  1.71977e-05  2.49781e-07
-0.000183382  0.000101438 -0.000520305  2.24688e-06 -2.11649e-05 -3.71046e-06  0.000260829   -0.0996401   0.00114356 -0.000327104  0.000109345    0.0235582 -5.44209e-07 -1.52778e-08 -7.59088e-19 -6.07871e-15  -0.00119135   0.00213751  1.03866e-06 -1.20737e-05  0.000854476 -1.66792e-05  1.66773e-05  0.000244001 -1.39658e-05 -1.73984e-07
-1.60503e-06  -5.7579e-07 -2.24741e-07  1.26506e-08 -3.25966e-08 -9.57439e-08  1.72646e-06  -0.00127886 -0.000254111 -3.34163e-07  9.97237e-07 -5.44209e-07  5.62403e-05  8.13136e-11 -2.49355e-21 -2.85903e-17  -3.9887e-07  3.01932e-07 -5.54512e-08 -1.03018e-07  3.45687e-06  2.14622e-07  5.16451e-08  7.02425e-08 -6.02324e-08 -2.15633e-09
 1.36652e-07 -3.27548e-08  4.44462e-08 -4.91874e-10  2.38105e-10  3.16845e-08 -5.53004e-08  3.96624e-05   2.6271e-06  1.89393e-08 -3.49384e-08 -1.52778e-08  8.13136e-11  1.40624e-05   5.0175e-22  1.14197e-18 -6.56144e-08  3.83185e-08  6.64893e-08  2.34382e-09 -1.14343e-07 -5.62512e-09  8.54216e-10 -4.63691e-10  2.99883e-09  2.04009e-11
-3.67701e-18  2.32048e-18 -1.81383e-18  1.36749e-20 -1.27379e-20  -7.1449e-19  2.59152e-18 -1.46148e-15  3.26911e-16 -7.31518e-19  9.12451e-19 -7.59088e-19 -2.49355e-21   5.0175e-22  1.40623e-27 -2.58754e-29  1.03968e-18  -2.8756e-20 -1.55712e-18 -6.26041e-20  7.45193e-18  7.16602e-21  2.29115e-20 -2.69361e-19 -1.14881e-19 -6.19692e-22
-1.31968e-14 -2.12104e-15  -5.4398e-15  1.10604e-16 -3.24617e-16 -1.60681e-15  1.17427e-14 -7.28002e-12 -2.11079e-12 -5.50439e-15  6.87012e-15 -6.07871e-15 -2.85903e-17  1.14197e-18 -2.58754e-29  4.01684e-22 -1.06236e-15 -8.12286e-15 -2.03629e-15  -4.9633e-16  2.35843e-14  7.67594e-16  3.49913e-16  8.77868e-16 -4.11915e-16 -7.16072e-18
 0.000195513 -0.000340424  4.76335e-05  1.14898e-06 -8.94605e-06  8.12307e-05  7.23236e-05   -0.0779462  0.000530174   1.2397e-05  0.000169697  -0.00119135  -3.9887e-07 -6.56144e-08  1.03968e-18 -1.06236e-15    0.0293821 -2.62582e-06  0.000202976 -4.31672e-07 -0.000320456  0.000101266 -0.000129023 -2.19468e-05  2.63817e-06 -8.69534e-08
-0.000193301  1.63928e-05 -0.000273135  1.47856e-06 -7.96967e-06 -8.44198e-05  5.89007e-05   -0.0273768    -0.029335 -0.000245964  -2.5585e-05   0.00213751  3.01932e-07  3.83185e-08  -2.8756e-20 -8.12286e-15 -2.62582e-06    0.0271504 -0.000121848  1.95422e-06 -5.80448e-05 -3.95288e-06 -5.93007e-06 -1.09414e-07 -1.50835e-06  9.88015e-08
-0.000474929  0.000216668 -0.000128909  4.27471e-07   9.5766e-07  -0.00014795  0.000142294    0.0223453     0.010537 -5.80602e-05 -8.09408e-05  1.03866e-06 -5.54512e-08  6.64893e-08 -1.55712e-18 -2.03629e-15  0.000202976 -0.000121848      0.13594 -4.46152e-06 -2.01519e-05 -3.12405e-05 -1.12832e-05 -9.63699e-06 -8.43502e-06 -3.70477e-10
 -3.0561e-05 -3.93316e-06  -9.0574e-06  2.09857e-07 -4.96554e-07 -2.71779e-06  2.95043e-05   -0.0181722  -0.00370209 -8.17011e-06  1.50321e-05 -1.20737e-05 -1.03018e-07  2.34382e-09 -6.26041e-20  -4.9633e-16 -4.31672e-07  1.95422e-06 -4.46152e-06   0.00143346  6.04046e-05  1.84845e-06  7.79662e-07  1.18907e-06 -1.00829e-06 -2.56645e-08
  0.00151716 -0.000317758   0.00119948 -1.48331e-05  2.87675e-05  6.01157e-05  -0.00161679      1.42225   0.00615049   0.00059385  -0.00140772  0.000854476  3.45687e-06 -1.14343e-07  7.45193e-18  2.35843e-14 -0.000320456 -5.80448e-05 -2.01519e-05  6.04046e-05       0.1179 -0.000294307 -0.000138452  5.26813e-05  6.81344e-05  8.74342e-07
 5.40074e-05   0.00016331  0.000167158 -9.14443e-07  1.61724e-06 -6.19049e-07 -3.24966e-05     0.101295   0.00736657  4.89155e-05 -0.000181178 -1.66792e-05  2.14622e-07 -5.62512e-09  7.16602e-21  7.67594e-16  0.000101266 -3.95288e-06 -3.12405e-05  1.84845e-06 -0.000294307     0.027013 -1.89688e-05  3.47182e-06  4.62726e-06  4.66902e-08
  1.3787e-05  1.74045e-05  3.04419e-05 -2.79383e-07  6.29293e-07 -2.21625e-06 -1.80907e-05    0.0201101   0.00146847  1.46523e-05  -3.5151e-05  1.66773e-05  5.16451e-08  8.54216e-10  2.29115e-20  3.49913e-16 -0.000129023 -5.93007e-06 -1.12832e-05  7.79662e-07 -0.000138452 -1.89688e-05   0.00355494   3.0631e-07  9.37486e-07  1.37784e-08
 1.98849e-06  6.52931e-05 -3.70507e-05 -2.36539e-07  9.13851e-07 -3.07436e-06  6.99397e-07   0.00166212    0.0240818  7.91496e-06 -1.11045e-05  0.000244001  7.02425e-08 -4.63691e-10 -2.69361e-19  8.77868e-16 -2.19468e-05 -1.09414e-07 -9.63699e-06  1.18907e-06  5.26813e-05  3.47182e-06   3.0631e-07   0.00191895 -3.39735e-07  1.74075e-08
-3.36751e-05  7.59976e-06 -3.43729e-05  2.00074e-07 -3.13282e-07 -4.52234e-06   2.7114e-05   -0.0193416  -0.00118536 -1.51566e-05  1.71977e-05 -1.39658e-05 -6.02324e-08  2.99883e-09 -1.14881e-19 -4.11915e-16  2.63817e-06 -1.50835e-06 -8.43502e-06 -1.00829e-06  6.81344e-05  4.62726e-06  9.37486e-07 -3.39735e-07   0.00022334 -1.48361e-08
-3.90168e-07 -1.29478e-07 -1.80838e-08  3.17223e-09 -8.20724e-09 -2.01412e-08  4.34943e-07 -0.000285608 -5.29615e-05 -6.22391e-08  2.49781e-07 -1.73984e-07 -2.15633e-09  2.04009e-11 -6.19692e-22 -7.16072e-18 -8.69534e-08  9.88015e-08 -3.70477e-10 -2.56645e-08  8.74342e-07  4.66902e-08  1.37784e-08  1.74075e-08 -1.48361e-08    3.515e-06
* row and column names
af_m
af_p
albedo_bg
alpha_m
alpha_p
auf_m
auf_p
den_m
den_p
e_bg
n_m
n_p
pen_s
pen_w
perm_m
perm_p
por_m
por_p
tcd_m
tcd_p
tcs_m
tcs_p
wr_m
wr_p
z_bg
z_s
