    26    26     1
     0.31564 -0.000109483 -7.59842e-06  5.85206e-08 -1.00867e-06 -0.000205988 -0.000148464    -0.015433   -0.0346354  1.25693e-05  0.000430413 -0.000150206 -1.37826e-08  6.62741e-10  1.12584e-18 -2.83811e-15 -0.000155373 -0.000104834  1.21385e-05  -1.9056e-05  6.82881e-05 -8.14475e-05 -3.78612e-05 -4.04001e-05  4.48219e-06 -2.66066e-08
-0.000109483     0.315519   0.00031525 -1.27999e-06 -4.32965e-06  5.06254e-05 -0.000435335   -0.0962243   -0.0633097   0.00018998  -0.00199405 -0.000399837   1.1454e-06  4.82295e-10  3.36329e-18  9.22467e-15  -0.00104783   0.00019776  6.73426e-05  2.33717e-05  0.000148842  0.000882759  2.67301e-05  -3.1703e-05  1.47727e-06   1.8375e-08
-7.59842e-06   0.00031525    0.0382366  3.90609e-06   1.0702e-05  0.000129927 -0.000283965    -0.469309    -0.173373   -0.0015684   0.00420486  0.000686321  4.91168e-06  -4.5792e-09 -7.80017e-18  7.31615e-15 -0.000365899 -0.000762398  0.000154698  8.24654e-06 -0.000282108   0.00151581  0.000276046  0.000117693 -6.81388e-05  4.24156e-07
 5.85206e-08 -1.27999e-06  3.90609e-06  4.46614e-07  4.58675e-09  1.11409e-07  4.61584e-07   0.00121356   0.00016113  1.40284e-06 -1.81756e-05 -5.32254e-07 -2.01458e-10  1.40053e-11   6.5211e-21  2.08452e-17 -4.41017e-08  1.97187e-06 -1.82955e-07  1.19093e-07 -4.82282e-08 -4.04652e-06 -1.21059e-06 -5.66056e-08  5.75753e-08  4.73996e-11
-1.00867e-06 -4.32965e-06   1.0702e-05  4.58675e-09  6.01168e-06 -1.92399e-07   5.6898e-07    0.0027146     0.001376  4.75822e-06 -1.25182e-06 -1.59572e-05 -1.26776e-08  2.19231e-11  9.44099e-21  -1.2205e-18  6.15006e-07  9.41716e-07 -9.82547e-09 -4.36749e-07  2.66571e-06 -5.96698e-06 -6.41128e-07 -8.01738e-07  3.14703e-07 -1.84104e-09
-0.000205988  5.06254e-05  0.000129927  1.11409e-07 -1.92399e-07    0.0685374 -4.51706e-05   -0.0452845   -0.0149245  3.87098e-05  0.000284849 -7.68152e-05  -1.4376e-06  2.17129e-10  6.59301e-19 -6.22497e-15 -7.78621e-05 -8.48408e-05 -6.56335e-05 -1.46296e-05 -6.87309e-05  -8.5261e-05 -2.33501e-05 -2.58451e-05  3.25662e-06 -1.15033e-07
-0.000148464 -0.000435335 -0.000283965  4.61584e-07   5.6898e-07 -4.51706e-05    0.0331681    -0.131903   -0.0514445   -8.995e-05  0.000395583  2.04179e-06  4.43533e-07 -7.59404e-10 -5.28675e-19  2.73846e-16  -0.00026305  -0.00019551  4.16046e-06 -3.29404e-06 -2.79505e-05  0.000327386  3.67474e-05    -4.58e-06 -5.86622e-06  1.57277e-08
   -0.015433   -0.0962243    -0.469309   0.00121356    0.0027146   -0.0452845    -0.131903       225203     -108.036    -0.200732     0.873121     0.112228  -0.00139487 -2.25463e-06 -3.71574e-15 -7.29548e-12     -0.30317    -0.399418   -0.0450538  -0.00687565    -0.145642      0.51339    0.0829729   0.00618321   -0.0136661  -0.00015328
  -0.0346354   -0.0633097    -0.173373   0.00016113     0.001376   -0.0149245   -0.0514445     -108.036       113834   -0.0741158     0.145894    0.0349454 -8.70309e-05 -3.94607e-07 -1.20692e-15 -2.66894e-12   -0.0938389    -0.118081   -0.0131556 -0.000982366   -0.0678785     0.159579    0.0128355   0.00854589   -0.0028624 -2.85743e-05
 1.25693e-05   0.00018998   -0.0015684  1.40284e-06  4.75822e-06  3.87098e-05   -8.995e-05    -0.200732   -0.0741158    0.0127112   0.00147163  0.000300428  1.39748e-06 -1.86287e-09 -3.65391e-18  1.12959e-15 -0.000157708 -0.000314109   2.5789e-05  5.11928e-06 -0.000108382   0.00060574  0.000113661   4.5834e-05 -2.49096e-05  1.40328e-07
 0.000430413  -0.00199405   0.00420486 -1.81756e-05 -1.25182e-06  0.000284849  0.000395583     0.873121     0.145894   0.00147163     0.237845 -0.000924989 -1.53774e-06  9.25736e-09 -1.85896e-18  1.66932e-14 -0.000816057   0.00197197 -0.000287378    0.0001204  0.000470911  -0.00453706 -0.000879784 -6.88144e-05  5.34987e-05 -5.66625e-08
-0.000150206 -0.000399837  0.000686321 -5.32254e-07 -1.59572e-05 -7.68152e-05  2.04179e-06     0.112228    0.0349454  0.000300428 -0.000924989    0.0629475 -1.80079e-06   1.6705e-09 -2.78705e-18 -6.08553e-15 -0.000194657 -0.000431376 -6.86927e-05  -4.5788e-05  5.91433e-05 -0.000704879  -0.00010976 -1.79578e-05  1.99451e-05  -2.6753e-07
-1.37826e-08   1.1454e-06  4.91168e-06 -2.01458e-10 -1.26776e-08  -1.4376e-06  4.43533e-07  -0.00139487 -8.70309e-05  1.39748e-06 -1.53774e-06 -1.80079e-06  5.62003e-05  1.58011e-12 -2.13612e-21 -1.39249e-16 -7.08448e-07  -7.6272e-07 -1.75254e-06  -1.9473e-07 -1.57774e-06 -2.07674e-06 -3.55599e-07 -3.79259e-07  4.98338e-08  -4.6264e-09
 6.62741e-10  4.82295e-10  -4.5792e-09  1.40053e-11  2.19231e-11  2.17129e-10 -7.59404e-10 -2.25463e-06 -3.94607e-07 -1.86287e-09  9.25736e-09   1.6705e-09  1.58011e-12  1.40625e-05 -4.07746e-23 -7.70972e-21 -1.77706e-09 -2.48271e-09   2.4802e-10  3.00518e-11  6.35926e-10  4.28595e-09  1.10753e-09  1.80168e-10 -1.34669e-10     1.38e-13
 1.12584e-18  3.36329e-18 -7.80017e-18   6.5211e-21  9.44099e-21  6.59301e-19 -5.28675e-19 -3.71574e-15 -1.20692e-15 -3.65391e-18 -1.85896e-18 -2.78705e-18 -2.13612e-21 -4.07746e-23  1.40585e-27  -5.7351e-29 -2.78123e-18 -4.91505e-18 -1.34239e-18 -2.13879e-19  1.48778e-18  5.00335e-18  5.94907e-19  1.57766e-19 -1.62706e-19 -6.63858e-22
-2.83811e-15  9.22467e-15  7.31615e-15  2.08452e-17  -1.2205e-18 -6.22497e-15  2.73846e-16 -7.29548e-12 -2.66894e-12  1.12959e-15  1.66932e-14 -6.08553e-15 -1.39249e-16 -7.70972e-21  -5.7351e-29   4.0134e-22 -1.58711e-15 -8.09905e-15 -6.40053e-15 -1.07695e-15 -6.87594e-15 -4.90135e-15 -6.33652e-16 -8.28085e-16  1.62621e-16 -1.18169e-17
-0.000155373  -0.00104783 -0.000365899 -4.41017e-08  6.15006e-07 -7.78621e-05  -0.00026305     -0.30317   -0.0938389 -0.000157708 -0.000816057 -0.000194657 -7.08448e-07 -1.77706e-09 -2.78123e-18 -1.58711e-15    0.0294484 -0.000131563 -2.26396e-05  8.12384e-06  2.34747e-05  0.000607585 -6.61471e-05 -2.71429e-05 -8.22933e-06 -8.96428e-08
-0.000104834   0.00019776 -0.000762398  1.97187e-06  9.41716e-07 -8.48408e-05  -0.00019551    -0.399418    -0.118081 -0.000314109   0.00197197 -0.000431376  -7.6272e-07 -2.48271e-09 -4.91505e-18 -8.09905e-15 -0.000131563    0.0265342 -0.000140256 -3.43428e-05 -0.000246622  0.000491746  9.31709e-05 -3.10614e-05 -1.13446e-05 -3.93376e-08
 1.21385e-05  6.73426e-05  0.000154698 -1.82955e-07 -9.82547e-09 -6.56335e-05  4.16046e-06   -0.0450538   -0.0131556   2.5789e-05 -0.000287378 -6.86927e-05 -1.75254e-06   2.4802e-10 -1.34239e-18 -6.40053e-15 -2.26396e-05 -0.000140256     0.136082 -1.28996e-05 -0.000135793  -0.00012307 -2.85233e-05 -1.75794e-05  8.13288e-07 -1.17985e-07
 -1.9056e-05  2.33717e-05  8.24654e-06  1.19093e-07 -4.36749e-07 -1.46296e-05 -3.29404e-06  -0.00687565 -0.000982366  5.11928e-06    0.0001204  -4.5788e-05  -1.9473e-07  3.00518e-11 -2.13879e-19 -1.07695e-15  8.12384e-06 -3.43428e-05 -1.28996e-05   0.00143015 -9.28498e-06 -2.42464e-05 -1.87715e-06 -4.20974e-06  6.39853e-07 -1.72857e-08
 6.82881e-05  0.000148842 -0.000282108 -4.82282e-08  2.66571e-06 -6.87309e-05 -2.79505e-05    -0.145642   -0.0678785 -0.000108382  0.000470911  5.91433e-05 -1.57774e-06  6.35926e-10  1.48778e-18 -6.87594e-15  2.34747e-05 -0.000246622 -0.000135793 -9.28498e-06     0.126601  0.000151722  -3.9003e-05  1.03979e-05 -6.07351e-06 -1.82475e-07
-8.14475e-05  0.000882759   0.00151581 -4.04652e-06 -5.96698e-06  -8.5261e-05  0.000327386      0.51339     0.159579   0.00060574  -0.00453706 -0.000704879 -2.07674e-06  4.28595e-09  5.00335e-18 -4.90135e-15  0.000607585  0.000491746  -0.00012307 -2.42464e-05  0.000151722    0.0242274 -0.000363081 -7.55999e-05  2.92853e-05 -1.02989e-07
-3.78612e-05  2.67301e-05  0.000276046 -1.21059e-06 -6.41128e-07 -2.33501e-05  3.67474e-05    0.0829729    0.0128355  0.000113661 -0.000879784  -0.00010976 -3.55599e-07  1.10753e-09  5.94907e-19 -6.33652e-16 -6.61471e-05  9.31709e-05 -2.85233e-05 -1.87715e-06  -3.9003e-05 -0.000363081   0.00343868 -1.06475e-05   5.1068e-06 -2.69563e-08
-4.04001e-05  -3.1703e-05  0.000117693 -5.66056e-08 -8.01738e-07 -2.58451e-05    -4.58e-06   0.00618321   0.00854589   4.5834e-05 -6.88144e-05 -1.79578e-05 -3.79259e-07  1.80168e-10  1.57766e-19 -8.28085e-16 -2.71429e-05 -3.10614e-05 -1.75794e-05 -4.20974e-06  1.03979e-05 -7.55999e-05 -1.06475e-05   0.00190905  2.14288e-06 -3.65137e-08
 4.48219e-06  1.47727e-06 -6.81388e-05  5.75753e-08  3.14703e-07  3.25662e-06 -5.86622e-06   -0.0136661   -0.0028624 -2.49096e-05  5.34987e-05  1.99451e-05  4.98338e-08 -1.34669e-10 -1.62706e-19  1.62621e-16 -8.22933e-06 -1.13446e-05  8.13288e-07  6.39853e-07 -6.07351e-06  2.92853e-05   5.1068e-06  2.14288e-06  0.000223166  2.19837e-09
-2.66066e-08   1.8375e-08  4.24156e-07  4.73996e-11 -1.84104e-09 -1.15033e-07  1.57277e-08  -0.00015328 -2.85743e-05  1.40328e-07 -5.66625e-08  -2.6753e-07  -4.6264e-09     1.38e-13 -6.63858e-22 -1.18169e-17 -8.96428e-08 -3.93376e-08 -1.17985e-07 -1.72857e-08 -1.82475e-07 -1.02989e-07 -2.69563e-08 -3.65137e-08  2.19837e-09  3.51496e-06
* row and column names
af_m
af_p
albedo_bg
alpha_m
alpha_p
auf_m
auf_p
den_m
den_p
e_bg
n_m
n_p
pen_s
pen_w
perm_m
perm_p
por_m
por_p
tcd_m
tcd_p
tcs_m
tcs_p
wr_m
wr_p
z_bg
z_s
