    26    26     1
    0.316051 -6.79923e-05 -0.000146203  4.23162e-07  3.13298e-07 -3.56896e-05 -5.00736e-05   -0.0245133   -0.0401614 -5.28574e-05 -2.56671e-05 -6.24664e-05 -3.63827e-09  1.80836e-06 -1.33702e-18 -7.31242e-16 -4.40065e-05 -0.000182252  -7.1369e-05 -1.80112e-06 -0.000153649 -3.68352e-06 -2.57974e-06 -5.90465e-06 -1.40046e-06 -8.32163e-08
-6.79923e-05     0.317695  0.000111187  2.96713e-07 -2.67233e-06 -6.28363e-06 -0.000281991    -0.141965   -0.0881854  0.000113512 -4.55022e-05 -0.000363366 -1.69129e-07  2.83526e-06 -7.07184e-19  1.57981e-17 -0.000455742 -8.77559e-05 -1.35691e-05 -3.52135e-06 -9.01272e-05  0.000166628 -1.63523e-07 -2.19085e-05  4.49878e-06 -1.45307e-07
-0.000146203  0.000111187    0.0403419  4.80665e-06  1.84417e-06  -6.8649e-05  0.000112225    -0.183836   -0.0389088 -0.000859131  0.000682118 -0.000306248  1.16064e-07  2.47543e-06 -2.61967e-18 -1.49165e-15 -0.000132769   -0.0008227 -0.000105257 -1.09277e-06  0.000513595   0.00034031  9.61405e-05  3.86059e-05 -3.58694e-05 -3.96653e-08
 4.23162e-07  2.96713e-07  4.80665e-06  4.45338e-07  7.30886e-09  1.57715e-07 -4.50977e-07  0.000926001  0.000126939  1.85253e-06   -3.346e-06  2.28152e-07  -1.3367e-10 -8.32504e-09  6.01277e-21  8.77079e-19  1.54833e-06  2.30095e-06  6.36203e-08  2.57499e-09 -4.15258e-06 -1.57326e-06 -4.61069e-07 -1.50192e-07  6.45696e-08  3.39886e-10
 3.13298e-07 -2.67233e-06  1.84417e-06  7.30886e-09  6.07048e-06  2.10239e-06  4.09988e-06    0.0017744  3.77732e-06  9.36113e-07  2.35825e-06 -1.26204e-05 -1.66207e-10 -2.59681e-09  7.44209e-20  5.09627e-17 -1.37261e-07  2.14959e-07  7.64084e-07 -4.62592e-09  4.46329e-06  7.58533e-07  2.45089e-07  9.09714e-07  1.94732e-07 -1.00623e-10
-3.56896e-05 -6.28363e-06  -6.8649e-05  1.57715e-07  2.10239e-06     0.068617  -0.00010308   -0.0386989   -0.0155334 -2.31337e-05 -4.46844e-05  -1.0092e-06   -1.224e-08  7.40449e-07 -2.06314e-18 -1.11809e-15 -3.38574e-05 -6.16279e-05 -3.99528e-05 -4.10103e-07 -0.000236516 -8.64143e-06 -2.53245e-06  -1.5285e-05 -3.62213e-06 -2.45925e-08
-5.00736e-05 -0.000281991  0.000112225 -4.50977e-07  4.09988e-06  -0.00010308    0.0329444    -0.142703   -0.0502613  6.69759e-05 -0.000174343 -0.000170022 -6.23828e-08  1.72604e-06 -4.61503e-18 -2.64809e-15 -0.000205663  1.99888e-05 -5.30123e-05 -1.81524e-06 -0.000344108 -2.86416e-05 -2.10853e-05 -5.52308e-05 -3.34152e-06 -7.05389e-08
  -0.0245133    -0.141965    -0.183836  0.000926001    0.0017744   -0.0386989    -0.142703       225413     -32.0212   -0.0533183     0.119293   0.00411271 -0.000225421   0.00103911 -2.49998e-15 -1.22503e-12    -0.141007   -0.0795715   0.00837306 -0.000909439     0.254784    0.0820111   0.00995291   -0.0164242   -0.0062262 -7.00183e-05
  -0.0401614   -0.0881854   -0.0389088  0.000126939  3.77732e-06   -0.0155334   -0.0502613     -32.0212       113875  -0.00793343   -0.0337693     -0.04979 -3.41839e-05   0.00112563 -7.68971e-16  -3.8533e-13   -0.0468432    -0.072159   -0.0250336 -0.000991322    -0.063642   -0.0030253  -0.00420321  -0.00584008 -0.000261897 -3.69096e-05
-5.28574e-05  0.000113512 -0.000859131  1.85253e-06  9.36113e-07 -2.31337e-05  6.69759e-05   -0.0533183  -0.00793343    0.0129834  0.000262869 -0.000141879  8.73189e-08  7.73771e-07 -9.44273e-19  -5.5118e-16 -3.45582e-05 -0.000333808  -3.9913e-05 -1.88071e-07  0.000281942  0.000118008  4.11175e-05  1.57565e-05 -1.35257e-05  1.25579e-08
-2.56671e-05 -4.55022e-05  0.000682118   -3.346e-06  2.35825e-06 -4.46844e-05 -0.000174343     0.119293   -0.0337693  0.000262869     0.261683 -0.000239329 -1.49954e-08   8.3671e-07 -2.26286e-18 -1.50938e-15  0.000184268  0.000281807 -5.74349e-05 -1.55431e-06  -0.00104369 -0.000374125 -8.08648e-05 -4.13262e-05  8.64412e-06 -1.76237e-08
-6.24664e-05 -0.000363366 -0.000306248  2.28152e-07 -1.26204e-05  -1.0092e-06 -0.000170022   0.00411271     -0.04979 -0.000141879 -0.000239329    0.0318756  3.15943e-08  1.66859e-06 -1.64987e-18 -7.52031e-16  -0.00207602   0.00209255 -3.22561e-05 -2.60896e-06  6.19786e-05 -0.000102166 -6.32697e-06  0.000227287 -1.97597e-06 -1.02412e-07
-3.63827e-09 -1.69129e-07  1.16064e-07  -1.3367e-10 -1.66207e-10   -1.224e-08 -6.23828e-08 -0.000225421 -3.41839e-05  8.73189e-08 -1.49954e-08  3.15943e-08  5.62464e-05 -9.77223e-11 -7.14929e-22 -4.36847e-19 -9.98185e-08  2.29523e-07  2.33034e-08 -1.15289e-09 -2.54473e-07  5.96687e-08 -1.35151e-08 -1.10765e-08 -6.53293e-09 -6.40518e-10
 1.80836e-06  2.83526e-06  2.47543e-06 -8.32504e-09 -2.59681e-09  7.40449e-07  1.72604e-06   0.00103911   0.00112563  7.73771e-07   8.3671e-07  1.66859e-06 -9.77223e-11  1.40123e-05  3.12738e-20  1.63226e-17   1.3729e-06  4.09587e-06  1.19814e-06  3.81238e-08   2.0553e-06  1.20897e-07  1.12633e-07  1.95197e-07  2.32384e-08  1.79758e-09
-1.33702e-18 -7.07184e-19 -2.61967e-18  6.01277e-21  7.44209e-20 -2.06314e-18 -4.61503e-18 -2.49998e-15 -7.68971e-16 -9.44273e-19 -2.26286e-18 -1.64987e-18 -7.14929e-22  3.12738e-20  1.40615e-27 -5.35267e-29 -1.16336e-18 -1.75329e-18 -1.15518e-18 -2.80057e-20 -6.23441e-18 -1.21365e-18 -2.47688e-19  -7.1415e-19 -1.29648e-19 -1.10556e-21
-7.31242e-16  1.57981e-17 -1.49165e-15  8.77079e-19  5.09627e-17 -1.11809e-15 -2.64809e-15 -1.22503e-12  -3.8533e-13  -5.5118e-16 -1.50938e-15 -7.52031e-16 -4.36847e-19  1.63226e-17 -5.35267e-29  4.01959e-22 -2.61193e-16  -1.0325e-15 -8.64208e-16 -1.37338e-17 -3.99208e-15 -8.92773e-16  -2.0576e-16 -4.01301e-16 -7.40265e-17 -6.23976e-19
-4.40065e-05 -0.000455742 -0.000132769  1.54833e-06 -1.37261e-07 -3.38574e-05 -0.000205663    -0.141007   -0.0468432 -3.45582e-05  0.000184268  -0.00207602 -9.98185e-08   1.3729e-06 -1.16336e-18 -2.61193e-16    0.0300035  2.71566e-05   1.2466e-05 -1.57498e-06  0.000263393  0.000143584 -9.92353e-05 -3.15392e-05 -1.73411e-06 -6.17583e-08
-0.000182252 -8.77559e-05   -0.0008227  2.30095e-06  2.14959e-07 -6.16279e-05  1.99888e-05   -0.0795715    -0.072159 -0.000333808  0.000281807   0.00209255  2.29523e-07  4.09587e-06 -1.75329e-18  -1.0325e-15  2.71566e-05    0.0269915 -0.000160474 -2.61926e-06 -4.18337e-05   5.8441e-05  3.08066e-05 -5.05995e-06  -3.8792e-06 -1.00252e-07
 -7.1369e-05 -1.35691e-05 -0.000105257  6.36203e-08  7.64084e-07 -3.99528e-05 -5.30123e-05   0.00837306   -0.0250336  -3.9913e-05 -5.74349e-05 -3.22561e-05  2.33034e-08  1.19814e-06 -1.15518e-18 -8.64208e-16   1.2466e-05 -0.000160474     0.136166 -1.11516e-06 -0.000270214 -2.64837e-05 -8.11474e-06 -5.84509e-06  -8.9366e-07 -4.61931e-08
-1.80112e-06 -3.52135e-06 -1.09277e-06  2.57499e-09 -4.62592e-09 -4.10103e-07 -1.81524e-06 -0.000909439 -0.000991322 -1.88071e-07 -1.55431e-06 -2.60896e-06 -1.15289e-09  3.81238e-08 -2.80057e-20 -1.37338e-17 -1.57498e-06 -2.61926e-06 -1.11516e-06   0.00143513 -2.42841e-06 -2.10566e-07  -1.9341e-07 -2.16495e-07  8.25242e-09 -1.95188e-09
-0.000153649 -9.01272e-05  0.000513595 -4.15258e-06  4.46329e-06 -0.000236516 -0.000344108     0.254784    -0.063642  0.000281942  -0.00104369  6.19786e-05 -2.54473e-07   2.0553e-06 -6.23441e-18 -3.99208e-15  0.000263393 -4.18337e-05 -0.000270214 -2.42841e-06     0.123089 -0.000484916 -0.000163967 -5.75017e-05  2.39158e-06 -9.57464e-08
-3.68352e-06  0.000166628   0.00034031 -1.57326e-06  7.58533e-07 -8.64143e-06 -2.86416e-05    0.0820111   -0.0030253  0.000118008 -0.000374125 -0.000102166  5.96687e-08  1.20897e-07 -1.21365e-18 -8.92773e-16  0.000143584   5.8441e-05 -2.64837e-05 -2.10566e-07 -0.000484916    0.0268563 -5.44374e-05 -1.52182e-05  4.80291e-06  2.01759e-08
-2.57974e-06 -1.63523e-07  9.61405e-05 -4.61069e-07  2.45089e-07 -2.53245e-06 -2.10853e-05   0.00995291  -0.00420321  4.11175e-05 -8.08648e-05 -6.32697e-06 -1.35151e-08  1.12633e-07 -2.47688e-19  -2.0576e-16 -9.92353e-05  3.08066e-05 -8.11474e-06  -1.9341e-07 -0.000163967 -5.44374e-05   0.00353498 -5.04273e-06   1.2213e-06 -4.86741e-09
-5.90465e-06 -2.19085e-05  3.86059e-05 -1.50192e-07  9.09714e-07  -1.5285e-05 -5.52308e-05   -0.0164242  -0.00584008  1.57565e-05 -4.13262e-05  0.000227287 -1.10765e-08  1.95197e-07  -7.1415e-19 -4.01301e-16 -3.15392e-05 -5.05995e-06 -5.84509e-06 -2.16495e-07 -5.75017e-05 -1.52182e-05 -5.04273e-06   0.00192425 -3.17047e-07 -7.83352e-09
-1.40046e-06  4.49878e-06 -3.58694e-05  6.45696e-08  1.94732e-07 -3.62213e-06 -3.34152e-06   -0.0062262 -0.000261897 -1.35257e-05  8.64412e-06 -1.97597e-06 -6.53293e-09  2.32384e-08 -1.29648e-19 -7.40265e-17 -1.73411e-06  -3.8792e-06  -8.9366e-07  8.25242e-09  2.39158e-06  4.80291e-06   1.2213e-06 -3.17047e-07  0.000224055 -2.46054e-09
-8.32163e-08 -1.45307e-07 -3.96653e-08  3.39886e-10 -1.00623e-10 -2.45925e-08 -7.05389e-08 -7.00183e-05 -3.69096e-05  1.25579e-08 -1.76237e-08 -1.02412e-07 -6.40518e-10  1.79758e-09 -1.10556e-21 -6.23976e-19 -6.17583e-08 -1.00252e-07 -4.61931e-08 -1.95188e-09 -9.57464e-08  2.01759e-08 -4.86741e-09 -7.83352e-09 -2.46054e-09  3.51528e-06
* row and column names
af_m
af_p
albedo_bg
alpha_m
alpha_p
auf_m
auf_p
den_m
den_p
e_bg
n_m
n_p
pen_s
pen_w
perm_m
perm_p
por_m
por_p
tcd_m
tcd_p
tcs_m
tcs_p
wr_m
wr_p
z_bg
z_s
