    26    26     1
    0.315933  6.78851e-05   0.00023095 -1.09493e-06  3.89245e-06   2.6939e-05  8.06376e-05     0.040718    0.0117488  8.11766e-05  -0.00127235 -3.49398e-05  2.28814e-07  1.29951e-10 -5.07343e-18  7.47459e-16 -0.000231306  0.000152575  3.32542e-05  -1.3521e-05  0.000176425 -0.000177625 -4.06587e-05 -3.07153e-05  5.98328e-06 -1.09233e-07
 6.78851e-05     0.315429  0.000290493 -7.50525e-07 -8.06203e-06 -0.000129909 -0.000508346    -0.110221    -0.136397  0.000201189 -0.000918983 -0.000452742  5.08963e-08 -3.26183e-09   6.4936e-18  2.90477e-15 -0.000852688  9.92795e-05 -3.89691e-05  2.18153e-05   6.5852e-06  0.000918975  2.30072e-05   -1.617e-05 -3.18718e-06 -5.09275e-08
  0.00023095  0.000290493    0.0384605   1.8372e-06   1.3603e-05 -0.000261034 -0.000137942    -0.227571   -0.0528962  -0.00150026   0.00323846   0.00104853  1.22334e-06  2.13675e-10 -9.06697e-19 -1.37439e-15 -0.000253958 -0.000456542 -0.000285164  9.54254e-06  1.89351e-05   0.00155465   0.00024285  0.000154137 -5.33009e-05 -1.73368e-07
-1.09493e-06 -7.50525e-07   1.8372e-06  4.43977e-07  4.95168e-08  -6.9258e-07  8.11162e-07  0.000948856 -0.000491357  9.81897e-07 -1.97924e-05 -7.17874e-07 -4.41757e-10 -9.06518e-13 -3.72282e-20    3.978e-18 -2.06581e-06  1.79169e-06 -3.12102e-07 -1.40325e-07 -6.66968e-08 -3.79387e-06 -1.33569e-06 -2.57926e-07   6.5054e-08 -9.27169e-10
 3.89245e-06 -8.06203e-06   1.3603e-05  4.95168e-08   5.6226e-06  6.40092e-06 -2.49395e-06   0.00263106   0.00192117  5.06661e-06  2.71549e-05 -1.64491e-05   3.7319e-08 -2.48309e-11  1.87751e-19   7.2672e-18  1.20957e-05  3.27335e-06 -1.52752e-06  4.79762e-07  1.95649e-06 -5.46234e-06  9.25452e-07  5.30944e-07  1.50122e-07 -6.33688e-10
  2.6939e-05 -0.000129909 -0.000261034  -6.9258e-07  6.40092e-06    0.0684763 -6.54654e-06   -0.0416044   -0.0976767 -8.67719e-05  6.53276e-05   9.3199e-05 -6.75965e-07 -1.54077e-10   1.8397e-18 -4.24133e-16 -9.36088e-05 -0.000128153 -5.53125e-07 -2.90908e-06 -7.79937e-05  0.000162087 -2.22296e-05 -3.49767e-06 -3.32594e-06  5.61713e-08
 8.06376e-05 -0.000508346 -0.000137942  8.11162e-07 -2.49395e-06 -6.54654e-06    0.0331738   -0.0953846    0.0169421 -4.17472e-05  0.000681764 -4.33101e-05 -1.97552e-07 -7.98201e-10  2.24329e-18  8.77431e-17 -6.81341e-05 -0.000101206  7.73069e-06  1.42676e-05 -2.30079e-05  0.000294435  5.33607e-05  2.15933e-05 -7.24525e-06  6.13808e-08
    0.040718    -0.110221    -0.227571  0.000948856   0.00263106   -0.0416044   -0.0953846       225365    -0.303591   -0.0897719      1.02635    0.0727124  -0.00104352 -4.83216e-07  1.14405e-15 -6.01388e-13     -0.16383    -0.184511     0.115113   0.00847313   -0.0448784     0.369699    0.0629957   0.00496164  -0.00896347  8.52998e-05
   0.0117488    -0.136397   -0.0528962 -0.000491357   0.00192117   -0.0976767    0.0169421    -0.303591       113765  -0.00558173    0.0359017    0.0431659 -8.35102e-05  7.24287e-08  2.16364e-15  8.94253e-14   -0.0252021    -0.011545  -0.00802756  -0.00661443   -0.0719382    0.0491032   -0.0309313   -0.0115247  -0.00211637  1.53912e-05
 8.11766e-05  0.000201189  -0.00150026  9.81897e-07  5.06661e-06 -8.67719e-05 -4.17472e-05   -0.0897719  -0.00558173    0.0127411    0.0014777  0.000367982  2.13971e-07  3.07363e-10 -5.66995e-19 -8.83006e-16 -4.48375e-05 -0.000257923 -7.59289e-05  4.42562e-06  1.61815e-05  0.000623635  0.000107611  5.52267e-05 -1.83936e-05 -1.42121e-09
 -0.00127235 -0.000918983   0.00323846 -1.97924e-05  2.71549e-05  6.53276e-05  0.000681764      1.02635    0.0359017    0.0014777     0.233895  -0.00149785  1.92703e-06 -3.56821e-09  -4.7657e-17  4.87522e-15   -0.0026421   0.00227859 -0.000256884 -0.000110348  0.000835949  -0.00533591  -0.00103392 -0.000243634  8.32841e-05 -1.16212e-06
-3.49398e-05 -0.000452742   0.00104853 -7.17874e-07 -1.64491e-05   9.3199e-05 -4.33101e-05    0.0727124    0.0431659  0.000367982  -0.00149785    0.0632183 -3.19266e-07 -2.28978e-09 -9.63252e-19  -1.0446e-15  -0.00012896  -0.00028116  5.93181e-05  4.25708e-06 -1.17742e-05  -0.00073922 -0.000111477  -9.1103e-07  1.74153e-05 -2.96644e-08
 2.28814e-07  5.08963e-08  1.22334e-06 -4.41757e-10   3.7319e-08 -6.75965e-07 -1.97552e-07  -0.00104352 -8.35102e-05  2.13971e-07  1.92703e-06 -3.19266e-07  5.62215e-05 -3.45945e-12  1.00131e-20 -1.34158e-17 -5.15155e-07 -1.93846e-06   8.6103e-07    3.437e-08 -1.47679e-06  6.74939e-07 -1.05529e-07 -1.37363e-07 -2.07227e-09  1.64322e-10
 1.29951e-10 -3.26183e-09  2.13675e-10 -9.06518e-13 -2.48309e-11 -1.54077e-10 -7.98201e-10 -4.83216e-07  7.24287e-08  3.07363e-10 -3.56821e-09 -2.28978e-09 -3.45945e-12  1.40625e-05  7.02533e-24 -9.68421e-21 -2.69565e-09 -4.78777e-10  5.59091e-11  5.61745e-11  1.33175e-09 -3.55074e-10  1.95002e-11  8.22588e-12 -1.54867e-11  -6.7056e-14
-5.07343e-18   6.4936e-18 -9.06697e-19 -3.72282e-20  1.87751e-19   1.8397e-18  2.24329e-18  1.14405e-15  2.16364e-15 -5.66995e-19  -4.7657e-17 -9.63252e-19  1.00131e-20  7.02533e-24  1.40569e-27  2.22368e-29 -1.22079e-17  6.54083e-18 -4.90732e-19 -3.96452e-19  6.36599e-18 -8.05333e-19 -7.10892e-19 -4.82954e-19  7.74663e-20 -5.71322e-21
 7.47459e-16  2.90477e-15 -1.37439e-15    3.978e-18   7.2672e-18 -4.24133e-16  8.77431e-17 -6.01388e-13  8.94253e-14 -8.83006e-16  4.87522e-15  -1.0446e-15 -1.34158e-17 -9.68421e-21  2.22368e-29  4.01962e-22  1.29207e-15 -1.05187e-15  5.96069e-16  5.23251e-17 -1.33967e-15 -1.19068e-15 -1.42836e-17  4.95633e-17 -1.59125e-17  1.41811e-18
-0.000231306 -0.000852688 -0.000253958 -2.06581e-06  1.20957e-05 -9.36088e-05 -6.81341e-05     -0.16383   -0.0252021 -4.48375e-05   -0.0026421  -0.00012896 -5.15155e-07 -2.69565e-09 -1.22079e-17  1.29207e-15    0.0291111  0.000247368   4.6168e-05 -1.38012e-05   0.00033165  0.000512396 -0.000120793 -5.25978e-05  8.70207e-07 -2.25529e-07
 0.000152575  9.92795e-05 -0.000456542  1.79169e-06  3.27335e-06 -0.000128153 -0.000101206    -0.184511    -0.011545 -0.000257923   0.00227859  -0.00028116 -1.93846e-06 -4.78777e-10  6.54083e-18 -1.05187e-15  0.000247368    0.0265258  0.000130782  1.59373e-05 -0.000161952  0.000631351   9.1219e-05  -1.1142e-05 -2.80535e-06  3.95976e-07
 3.32542e-05 -3.89691e-05 -0.000285164 -3.12102e-07 -1.52752e-06 -5.53125e-07  7.73069e-06     0.115113  -0.00802756 -7.59289e-05 -0.000256884  5.93181e-05   8.6103e-07  5.59091e-11 -4.90732e-19  5.96069e-16   4.6168e-05  0.000130782      0.13611 -2.43625e-06  2.06335e-05 -8.01296e-06  -3.2785e-06  2.25591e-05 -3.01923e-06 -1.51686e-07
 -1.3521e-05  2.18153e-05  9.54254e-06 -1.40325e-07  4.79762e-07 -2.90908e-06  1.42676e-05   0.00847313  -0.00661443  4.42562e-06 -0.000110348  4.25708e-06    3.437e-08  5.61745e-11 -3.96452e-19  5.23251e-17 -1.38012e-05  1.59373e-05 -2.43625e-06   0.00143294  6.09245e-07 -2.47903e-05 -6.94206e-06  -3.4516e-06  3.64537e-07 -1.33666e-08
 0.000176425   6.5852e-06  1.89351e-05 -6.66968e-08  1.95649e-06 -7.79937e-05 -2.30079e-05   -0.0448784   -0.0719382  1.61815e-05  0.000835949 -1.17742e-05 -1.47679e-06  1.33175e-09  6.36599e-18 -1.33967e-15   0.00033165 -0.000161952  2.06335e-05  6.09245e-07     0.126553 -6.44554e-05 -5.97973e-05  2.74222e-06 -6.26149e-06  1.06047e-07
-0.000177625  0.000918975   0.00155465 -3.79387e-06 -5.46234e-06  0.000162087  0.000294435     0.369699    0.0491032  0.000623635  -0.00533591  -0.00073922  6.74939e-07 -3.55074e-10 -8.05333e-19 -1.19068e-15  0.000512396  0.000631351 -8.01296e-06 -2.47903e-05 -6.44554e-05    0.0240254 -0.000372015 -7.61582e-05  2.06954e-05 -4.12906e-09
-4.06587e-05  2.30072e-05   0.00024285 -1.33569e-06  9.25452e-07 -2.22296e-05  5.33607e-05    0.0629957   -0.0309313  0.000107611  -0.00103392 -0.000111477 -1.05529e-07  1.95002e-11 -7.10892e-19 -1.42836e-17 -0.000120793   9.1219e-05  -3.2785e-06 -6.94206e-06 -5.97973e-05 -0.000372015   0.00343531 -1.72326e-05  4.70632e-06 -1.12979e-08
-3.07153e-05   -1.617e-05  0.000154137 -2.57926e-07  5.30944e-07 -3.49767e-06  2.15933e-05   0.00496164   -0.0115247  5.52267e-05 -0.000243634  -9.1103e-07 -1.37363e-07  8.22588e-12 -4.82954e-19  4.95633e-17 -5.25978e-05  -1.1142e-05  2.25591e-05  -3.4516e-06  2.74222e-06 -7.61582e-05 -1.72326e-05   0.00190614  2.62312e-06 -2.09076e-09
 5.98328e-06 -3.18718e-06 -5.33009e-05   6.5054e-08  1.50122e-07 -3.32594e-06 -7.24525e-06  -0.00896347  -0.00211637 -1.83936e-05  8.32841e-05  1.74153e-05 -2.07227e-09 -1.54867e-11  7.74663e-20 -1.59125e-17  8.70207e-07 -2.80535e-06 -3.01923e-06  3.64537e-07 -6.26149e-06  2.06954e-05  4.70632e-06  2.62312e-06  0.000223428 -2.97478e-09
-1.09233e-07 -5.09275e-08 -1.73368e-07 -9.27169e-10 -6.33688e-10  5.61713e-08  6.13808e-08  8.52998e-05  1.53912e-05 -1.42121e-09 -1.16212e-06 -2.96644e-08  1.64322e-10  -6.7056e-14 -5.71322e-21  1.41811e-18 -2.25529e-07  3.95976e-07 -1.51686e-07 -1.33666e-08  1.06047e-07 -4.12906e-09 -1.12979e-08 -2.09076e-09 -2.97478e-09  3.51489e-06
* row and column names
af_m
af_p
albedo_bg
alpha_m
alpha_p
auf_m
auf_p
den_m
den_p
e_bg
n_m
n_p
pen_s
pen_w
perm_m
perm_p
por_m
por_p
tcd_m
tcd_p
tcs_m
tcs_p
wr_m
wr_p
z_bg
z_s
