    26    26     1
    0.315718  0.000239553  -0.00029165  1.06859e-06  3.12934e-06 -0.000154741 -2.45118e-05    0.0850039   0.00698929 -8.78196e-05  0.000171013  3.30911e-05  2.50248e-08            0 -1.26099e-19   -2.454e-15  0.000245545 -5.46571e-05 -0.000285577  9.39992e-07  0.000156143  1.41621e-05  3.62638e-06  1.47888e-05 -5.37506e-06  1.19851e-08
 0.000239553     0.317871  0.000423042 -1.18685e-06 -1.77148e-06  8.21763e-05 -7.09392e-05   -0.0463602   -0.0179023  0.000154274  -0.00021775  5.80593e-05 -1.19175e-07            0  2.85971e-20  3.85409e-15 -0.000453324  0.000162425  0.000154263 -1.96734e-06 -0.000538763  0.000144764  4.22627e-06  -4.6047e-06  3.91816e-06 -1.32673e-08
 -0.00029165  0.000423042    0.0404793  5.24413e-06 -7.09512e-06 -9.11237e-05 -0.000138554    -0.185892   0.00601706 -0.000627955   0.00102528  -0.00050279  2.31064e-07            0 -1.23764e-18 -1.01183e-14  0.000473551 -0.000526649 -0.000127613  1.67977e-06   0.00146765  0.000208247  5.46933e-05  1.83542e-06 -2.69639e-05  7.00217e-08
 1.06859e-06 -1.18685e-06  5.24413e-06  4.27312e-07  5.89439e-08  2.60622e-07  9.50914e-07   0.00116806 -1.16409e-05  1.86849e-06 -6.13742e-06  2.40142e-06  4.53023e-11            0  1.44213e-20  6.87945e-17  2.08823e-07  8.89162e-07 -9.10551e-08  -4.3027e-09 -1.29589e-05 -1.11712e-06 -4.12456e-07 -6.72945e-08  6.15899e-08   3.4233e-11
 3.12934e-06 -1.77148e-06 -7.09512e-06  5.89439e-08  5.87056e-06  1.21953e-06 -1.41619e-06  -0.00110189 -8.49109e-05 -2.96175e-06  6.05566e-06 -1.96056e-05 -5.41109e-10            0 -3.64187e-20 -1.29853e-16 -4.21786e-06 -6.16685e-06  2.24402e-06 -9.56345e-09  1.02988e-05  1.22565e-06  5.61219e-07 -9.55584e-08  5.05877e-08 -1.48453e-10
-0.000154741  8.21763e-05 -9.11237e-05  2.60622e-07  1.21953e-06    0.0686219 -8.71143e-06    0.0392993    0.0027259  -2.7543e-05  3.75298e-05  1.99952e-05  4.39508e-09            0  6.62021e-21 -6.92698e-16  9.27836e-05 -4.68791e-05 -0.000114162  3.30457e-07 -1.69069e-05  1.57702e-06 -9.07759e-07  2.44322e-06 -1.67384e-06  3.15507e-09
-2.45118e-05 -7.09392e-05 -0.000138554  9.50914e-07 -1.41619e-06 -8.71143e-06    0.0332673   -0.0284764  -0.00198404 -3.46221e-05  0.000174673  1.30501e-05 -2.04152e-08            0 -2.69906e-19  -1.2191e-15 -3.75747e-05 -7.33917e-05 -4.97509e-07 -6.44515e-08  0.000178554  7.39601e-05  1.34418e-05  2.89721e-06 -1.88329e-06 -2.04096e-09
   0.0850039   -0.0463602    -0.185892   0.00116806  -0.00110189    0.0392993   -0.0284764       225437     -9.38174    -0.039284      0.23437    -0.023273 -0.000189799            0 -2.52293e-16   -1.321e-12   -0.0326558  -0.00207076     0.111256 -0.000181501     0.605869    0.0731406    0.0131144 -9.00515e-06  -0.00411493 -1.35327e-05
  0.00698929   -0.0179023   0.00601706 -1.16409e-05 -8.49109e-05    0.0027259  -0.00198404     -9.38174       113904   0.00228407  -0.00113895   0.00376164 -1.87684e-05            0 -1.34695e-18  7.50961e-14   -0.0188424 -0.000280487   0.00536576 -7.26239e-05   -0.0104148   0.00525875  0.000248548 -3.28604e-05 -7.97054e-05  5.38519e-06
-8.78196e-05  0.000154274 -0.000627955  1.86849e-06 -2.96175e-06  -2.7543e-05 -3.46221e-05    -0.039284   0.00228407    0.0130867  0.000302321  -0.00030861  1.09199e-07            0 -4.82726e-19 -3.52914e-15  0.000118098 -0.000213217 -3.83408e-05  5.38099e-07  0.000571925  5.59785e-05  2.16278e-05  7.27188e-07 -8.71459e-06  3.63501e-08
 0.000171013  -0.00021775   0.00102528 -6.13742e-06  6.05566e-06  3.75298e-05  0.000174673      0.23437  -0.00113895  0.000302321     0.261304  0.000189211  3.46808e-08            0  1.58209e-18  9.91478e-15 -2.46697e-05  0.000153863 -4.32303e-05 -8.41446e-07  -0.00195932 -0.000258352 -7.11002e-05 -1.31571e-05  1.26719e-05  1.09027e-08
 3.30911e-05  5.80593e-05  -0.00050279  2.40142e-06 -1.96056e-05  1.99952e-05  1.30501e-05    -0.023273   0.00376164  -0.00030861  0.000189211    0.0238951  1.41059e-07            0 -1.52256e-18 -5.23873e-15  -0.00121796   0.00220339  4.39734e-05  2.34826e-07  0.000812718 -1.06993e-05  2.39344e-05  0.000247277 -7.03621e-06 -2.32435e-09
 2.50248e-08 -1.19175e-07  2.31064e-07  4.53023e-11 -5.41109e-10  4.39508e-09 -2.04152e-08 -0.000189799 -1.87684e-05  1.09199e-07  3.46808e-08  1.41059e-07  5.62474e-05            0  3.50474e-23  3.36224e-19 -9.91703e-08  1.14404e-07   4.2434e-08 -7.20701e-10 -1.58396e-07  5.55034e-08 -6.00761e-09 -4.93627e-09 -4.41665e-09 -3.97113e-10
           0            0            0            0            0            0            0            0            0            0            0            0            0  1.40625e-05            0            0            0            0            0            0            0            0            0            0            0            0
-1.26099e-19  2.85971e-20 -1.23764e-18  1.44213e-20 -3.64187e-20  6.62021e-21 -2.69906e-19 -2.52293e-16 -1.34695e-18 -4.82726e-19  1.58209e-18 -1.52256e-18  3.50474e-23            0  1.40624e-27 -2.86175e-29 -4.79378e-19  8.74771e-20  1.08382e-19 -6.10536e-22  4.12059e-18  2.28303e-19  1.27013e-19  1.45025e-20 -3.84129e-21  6.33103e-24
  -2.454e-15  3.85409e-15 -1.01183e-14  6.87945e-17 -1.29853e-16 -6.92698e-16  -1.2191e-15   -1.321e-12  7.50961e-14 -3.52914e-15  9.91478e-15 -5.23873e-15  3.36224e-19            0 -2.86175e-29  4.01843e-22  1.22351e-15 -2.83364e-15 -7.15226e-16  1.10151e-17  1.90226e-14  9.84304e-16  5.70814e-16  1.09866e-16 -8.82635e-17  3.42827e-20
 0.000245545 -0.000453324  0.000473551  2.08823e-07 -4.21786e-06  9.27836e-05 -3.75747e-05   -0.0326558   -0.0188424  0.000118098 -2.46697e-05  -0.00121796 -9.91703e-08            0 -4.79378e-19  1.22351e-15     0.029458  0.000275049  0.000182231 -1.41581e-06 -0.000539224  6.98409e-05 -0.000134002 -7.12205e-06  3.67951e-06 -5.89756e-09
-5.46571e-05  0.000162425 -0.000526649  8.89162e-07 -6.16685e-06 -4.68791e-05 -7.33917e-05  -0.00207076 -0.000280487 -0.000213217  0.000153863   0.00220339  1.14404e-07            0  8.74771e-20 -2.83364e-15  0.000275049    0.0274179 -0.000117726  5.50192e-07 -2.68128e-05  1.02981e-06  1.10921e-06 -3.64319e-05 -2.59591e-07  4.59389e-08
-0.000285577  0.000154263 -0.000127613 -9.10551e-08  2.24402e-06 -0.000114162 -4.97509e-07     0.111256   0.00536576 -3.83408e-05 -4.32303e-05  4.39734e-05   4.2434e-08            0  1.08382e-19 -7.15226e-16  0.000182231 -0.000117726     0.136026  6.16623e-07 -0.000292002 -2.46515e-05 -1.01967e-05  2.79838e-06 -1.52305e-06  1.92677e-08
 9.39992e-07 -1.96734e-06  1.67977e-06  -4.3027e-09 -9.56345e-09  3.30457e-07 -6.44515e-08 -0.000181501 -7.26239e-05  5.38099e-07 -8.41446e-07  2.34826e-07 -7.20701e-10            0 -6.10536e-22  1.10151e-17 -1.41581e-06  5.50192e-07  6.16623e-07   0.00143517 -1.73029e-06   2.6542e-07 -6.70955e-09 -2.36131e-08  1.96657e-08 -8.67498e-11
 0.000156143 -0.000538763   0.00146765 -1.29589e-05  1.02988e-05 -1.69069e-05  0.000178554     0.605869   -0.0104148  0.000571925  -0.00195932  0.000812718 -1.58396e-07            0  4.12059e-18  1.90226e-14 -0.000539224 -2.68128e-05 -0.000292002 -1.73029e-06     0.119496 -0.000292812 -0.000166768 -2.85382e-05  2.14644e-05 -1.34944e-08
 1.41621e-05  0.000144764  0.000208247 -1.11712e-06  1.22565e-06  1.57702e-06  7.39601e-05    0.0731406   0.00525875  5.59785e-05 -0.000258352 -1.06993e-05  5.55034e-08            0  2.28303e-19  9.84304e-16  6.98409e-05  1.02981e-06 -2.46515e-05   2.6542e-07 -0.000292812    0.0270055 -2.38886e-05  -1.5952e-06  3.83467e-06  6.75112e-09
 3.62638e-06  4.22627e-06  5.46933e-05 -4.12456e-07  5.61219e-07 -9.07759e-07  1.34418e-05    0.0131144  0.000248548  2.16278e-05 -7.11002e-05  2.39344e-05 -6.00761e-09            0  1.27013e-19  5.70814e-16 -0.000134002  1.10921e-06 -1.01967e-05 -6.70955e-09 -0.000166768 -2.38886e-05   0.00355162 -5.85755e-07  7.02466e-07 -5.20965e-10
 1.47888e-05  -4.6047e-06  1.83542e-06 -6.72945e-08 -9.55584e-08  2.44322e-06  2.89721e-06 -9.00515e-06 -3.28604e-05  7.27188e-07 -1.31571e-05  0.000247277 -4.93627e-09            0  1.45025e-20  1.09866e-16 -7.12205e-06 -3.64319e-05  2.79838e-06 -2.36131e-08 -2.85382e-05  -1.5952e-06 -5.85755e-07   0.00193061  3.90774e-07 -1.14777e-09
-5.37506e-06  3.91816e-06 -2.69639e-05  6.15899e-08  5.05877e-08 -1.67384e-06 -1.88329e-06  -0.00411493 -7.97054e-05 -8.71459e-06  1.26719e-05 -7.03621e-06 -4.41665e-09            0 -3.84129e-21 -8.82635e-17  3.67951e-06 -2.59591e-07 -1.52305e-06  1.96657e-08  2.14644e-05  3.83467e-06  7.02466e-07  3.90774e-07  0.000224371 -9.91374e-10
 1.19851e-08 -1.32673e-08  7.00217e-08   3.4233e-11 -1.48453e-10  3.15507e-09 -2.04096e-09 -1.35327e-05  5.38519e-06  3.63501e-08  1.09027e-08 -2.32435e-09 -3.97113e-10            0  6.33103e-24  3.42827e-20 -5.89756e-09  4.59389e-08  1.92677e-08 -8.67498e-11 -1.34944e-08  6.75112e-09 -5.20965e-10 -1.14777e-09 -9.91374e-10  3.51546e-06
* row and column names
af_m
af_p
albedo_bg
alpha_m
alpha_p
auf_m
auf_p
den_m
den_p
e_bg
n_m
n_p
pen_s
pen_w
perm_m
perm_p
por_m
por_p
tcd_m
tcd_p
tcs_m
tcs_p
wr_m
wr_p
z_bg
z_s
