    26    26     1
    0.315664 -0.000501587 -0.000451745  3.58227e-06   4.3233e-06 -0.000216517 -0.000248131    -0.308892    -0.293331 -0.000196682  0.000101876 -0.000238728 -1.21335e-06 -1.26795e-10 -8.57023e-18 -1.06172e-14 -0.000214792 -0.000392171 -0.000311932 -1.38548e-06 -0.000228098  0.000171179  1.41967e-05 -1.40525e-05 -2.54929e-05 -4.97197e-07
-0.000501587     0.317074  0.000109796  2.92825e-06  2.81086e-07 -0.000178855 -0.000405817    -0.372742    -0.308363   4.9587e-05 -2.46734e-05 -0.000268017 -1.71588e-06  2.01352e-12 -8.48997e-18  -1.0087e-14 -0.000632925 -0.000263681 -0.000279455 -2.69934e-06 -0.000280718  0.000473736   1.6807e-05 -2.72751e-05 -7.70928e-06 -5.50125e-07
-0.000451745  0.000109796    0.0398299  7.83538e-06  1.09928e-05 -0.000283964 -0.000217008    -0.429324    -0.297039  -0.00110961  0.000909991 -0.000281408  -5.5136e-07 -6.15817e-10 -7.28955e-18 -8.39628e-15 -0.000357789 -0.000832632 -0.000316683  1.60556e-06  0.000232695  0.000621483  0.000114453  8.21275e-06 -7.86578e-05 -4.85052e-07
 3.58227e-06  2.92825e-06  7.83538e-06  4.15316e-07 -4.78291e-08  1.87397e-06  1.93933e-06    0.0030468    0.0022604  3.16685e-06 -4.75205e-06  1.27018e-06  7.68635e-09  3.21373e-12  6.39977e-20  7.38596e-17  3.14678e-06  4.23355e-06  2.36923e-06  1.39303e-09 -2.83425e-07 -3.75887e-06 -6.29774e-07  1.22013e-07  3.01128e-07  4.19341e-09
  4.3233e-06  2.81086e-07  1.09928e-05 -4.78291e-08  6.09111e-06  2.66458e-06  1.75484e-06   0.00362432   0.00273965  4.54487e-06 -3.24374e-06 -7.98877e-06  7.86109e-09  3.54646e-12  8.63067e-20  1.12647e-16  1.03166e-06   4.2246e-06  3.26457e-06 -4.48354e-09  1.72117e-06 -2.57507e-06 -4.88771e-07  2.56531e-07  4.98633e-07  4.36773e-09
-0.000216517 -0.000178855 -0.000283964  1.87397e-06  2.66458e-06    0.0685742 -0.000110138    -0.141858    -0.134869 -0.000118283  8.55535e-05 -7.32121e-05 -6.11463e-07 -9.12272e-11  -3.9525e-18 -4.92761e-15 -9.24495e-05 -0.000196245 -0.000152088 -2.61841e-07 -0.000153736  0.000104904  1.17023e-05 -4.76895e-06 -1.41722e-05 -2.36164e-07
-0.000248131 -0.000405817 -0.000217008  1.93933e-06  1.75484e-06 -0.000110138     0.033174    -0.176483    -0.153775  -8.3783e-05  8.51152e-05 -0.000125209 -7.42023e-07  -6.5017e-11 -3.98202e-18 -4.84697e-15 -0.000192538 -0.000169471 -0.000157367 -3.21435e-07  -0.00011234  0.000198758  1.51128e-05 -6.17291e-06 -1.19511e-05 -2.80491e-07
   -0.308892    -0.372742    -0.429324    0.0030468   0.00362432    -0.141858    -0.176483       225277     -194.378     -0.16636     0.237464   -0.0272918  -0.00126452 -1.79368e-07 -5.60948e-15 -6.85575e-12    -0.256193    -0.222475    -0.177199 -0.000579281    0.0628375     0.269277     0.028241   -0.0110843   -0.0212961 -0.000375323
   -0.293331    -0.308363    -0.297039    0.0022604   0.00273965    -0.134869    -0.153775     -194.378       113725    -0.126034    0.0787716    -0.127963 -0.000781386  -8.3848e-08 -5.15226e-15 -6.37356e-12    -0.137908    -0.240121    -0.192259 -0.000749573    -0.158783     0.121302    0.0106304  -0.00813647    -0.016098 -0.000303779
-0.000196682   4.9587e-05  -0.00110961  3.16685e-06  4.54487e-06 -0.000118283  -8.3783e-05     -0.16636    -0.126034    0.0128615  0.000346342 -0.000173307 -1.49502e-07  -2.5204e-10 -3.42365e-18 -4.01429e-15 -0.000142568   -0.0003968 -0.000135783  4.83887e-07  9.22745e-05  0.000221327  4.64945e-05  2.80673e-06 -3.19256e-05 -1.82724e-07
 0.000101876 -2.46734e-05  0.000909991 -4.75205e-06 -3.24374e-06  8.55535e-05  8.51152e-05     0.237464    0.0787716  0.000346342     0.261551  -0.00022271   2.2539e-08  4.00245e-10  6.74006e-19   2.2918e-16  0.000323289  0.000297379  5.77544e-05 -2.51846e-06 -0.000455598 -0.000688199 -9.57914e-05 -7.66383e-06  2.57875e-05  2.24359e-07
-0.000238728 -0.000268017 -0.000281408  1.27018e-06 -7.98877e-06 -7.32121e-05 -0.000125209   -0.0272918    -0.127963 -0.000173307  -0.00022271    0.0544305 -5.87197e-07  1.22631e-10 -3.59048e-18 -4.27519e-15  -0.00056765  0.000224796 -0.000144987 -2.34929e-06 -0.000136625 -0.000152436 -2.20129e-05  0.000199293 -4.43258e-06 -2.67183e-07
-1.21335e-06 -1.71588e-06  -5.5136e-07  7.68635e-09  7.86109e-09 -6.11463e-07 -7.42023e-07  -0.00126452 -0.000781386 -1.49502e-07   2.2539e-08 -5.87197e-07   5.6233e-05 -2.48561e-13 -2.20872e-20  -2.7922e-17 -8.38093e-07 -9.25613e-07 -7.75186e-07 -5.22451e-09 -1.28444e-06  6.60694e-07 -3.52656e-08  -5.1464e-08 -5.81848e-08 -2.78415e-09
-1.26795e-10  2.01352e-12 -6.15817e-10  3.21373e-12  3.54646e-12 -9.12272e-11  -6.5017e-11 -1.79368e-07  -8.3848e-08  -2.5204e-10  4.00245e-10  1.22631e-10 -2.48561e-13  1.40625e-05 -2.57174e-24 -2.74086e-21 -3.40249e-10 -1.51374e-10 -8.29422e-11   8.3934e-13  1.77112e-10  3.25934e-10   6.3107e-11 -1.89221e-12 -2.21447e-11   -1.598e-13
-8.57023e-18 -8.48997e-18 -7.28955e-18  6.39977e-20  8.63067e-20  -3.9525e-18 -3.98202e-18 -5.60948e-15 -5.15226e-15 -3.42365e-18  6.74006e-19 -3.59048e-18 -2.20872e-20 -2.57174e-24  1.40607e-27 -2.20578e-28 -3.52034e-18 -7.16203e-18 -5.68419e-18 -2.87902e-20  -5.1109e-18  1.78809e-18  1.85413e-19 -3.55976e-19 -4.54313e-19 -8.36117e-21
-1.06172e-14  -1.0087e-14 -8.39628e-15  7.38596e-17  1.12647e-16 -4.92761e-15 -4.84697e-15 -6.85575e-12 -6.37356e-12 -4.01429e-15   2.2918e-16 -4.27519e-15  -2.7922e-17 -2.74086e-21 -2.20578e-28  4.01717e-22 -3.39033e-15 -8.35251e-15 -7.09323e-15 -3.61876e-17 -7.17054e-15  1.61949e-15  1.01056e-16 -4.31602e-16 -5.64911e-16 -1.03594e-17
-0.000214792 -0.000632925 -0.000357789  3.14678e-06  1.03166e-06 -9.24495e-05 -0.000192538    -0.256193    -0.137908 -0.000142568  0.000323289  -0.00056765 -8.38093e-07 -3.40249e-10 -3.52034e-18 -3.39033e-15    0.0295277 -0.000114924 -8.89545e-05 -1.37707e-06  0.000317754  0.000459732 -6.87902e-05 -1.24752e-05 -1.24821e-05 -2.46119e-07
-0.000392171 -0.000263681 -0.000832632  4.23355e-06   4.2246e-06 -0.000196245 -0.000169471    -0.222475    -0.240121   -0.0003968  0.000297379  0.000224796 -9.25613e-07 -1.51374e-10 -7.16203e-18 -8.35251e-15 -0.000114924    0.0263097 -0.000253158 -1.01179e-06 -0.000196868  0.000159377  1.69695e-05 -3.99577e-05 -2.19937e-05 -4.23544e-07
-0.000311932 -0.000279455 -0.000316683  2.36923e-06  3.26457e-06 -0.000152088 -0.000157367    -0.177199    -0.192259 -0.000135783  5.77544e-05 -0.000144987 -7.75186e-07 -8.29422e-11 -5.68419e-18 -7.09323e-15 -8.89545e-05 -0.000253158     0.136049 -6.07796e-07 -0.000258674  9.42896e-05  7.96621e-06 -7.81615e-06 -1.78759e-05 -3.18347e-07
-1.38548e-06 -2.69934e-06  1.60556e-06  1.39303e-09 -4.48354e-09 -2.61841e-07 -3.21435e-07 -0.000579281 -0.000749573  4.83887e-07 -2.51846e-06 -2.34929e-06 -5.22451e-09   8.3934e-13 -2.87902e-20 -3.61876e-17 -1.37707e-06 -1.01179e-06 -6.07796e-07   0.00143512 -1.07694e-06 -1.40112e-06 -2.95461e-07 -2.11283e-07  8.64137e-09 -9.94527e-10
-0.000228098 -0.000280718  0.000232695 -2.83425e-07  1.72117e-06 -0.000153736  -0.00011234    0.0628375    -0.158783  9.22745e-05 -0.000455598 -0.000136625 -1.28444e-06  1.77112e-10  -5.1109e-18 -7.17054e-15  0.000317754 -0.000196868 -0.000258674 -1.07694e-06     0.125623 -0.000265167  -8.6778e-05  -8.8754e-06 -3.72741e-06 -3.09404e-07
 0.000171179  0.000473736  0.000621483 -3.75887e-06 -2.57507e-06  0.000104904  0.000198758     0.269277     0.121302  0.000221327 -0.000688199 -0.000152436  6.60694e-07  3.25934e-10  1.78809e-18  1.61949e-15  0.000459732  0.000159377  9.42896e-05 -1.40112e-06 -0.000265167    0.0263215 -9.31421e-05 -2.19159e-06  1.90429e-05  2.94804e-07
 1.41967e-05   1.6807e-05  0.000114453 -6.29774e-07 -4.88771e-07  1.17023e-05  1.51128e-05     0.028241    0.0106304  4.64945e-05 -9.57914e-05 -2.20129e-05 -3.52656e-08   6.3107e-11  1.85413e-19  1.01056e-16 -6.87902e-05  1.69695e-05  7.96621e-06 -2.95461e-07  -8.6778e-05 -9.31421e-05   0.00353359 -1.04976e-07  3.19649e-06  2.38279e-08
-1.40525e-05 -2.72751e-05  8.21275e-06  1.22013e-07  2.56531e-07 -4.76895e-06 -6.17291e-06   -0.0110843  -0.00813647  2.80673e-06 -7.66383e-06  0.000199293  -5.1464e-08 -1.89221e-12 -3.55976e-19 -4.31602e-16 -1.24752e-05 -3.99577e-05 -7.81615e-06 -2.11283e-07  -8.8754e-06 -2.19159e-06 -1.04976e-07   0.00192837 -3.16354e-07 -1.39067e-08
-2.54929e-05 -7.70928e-06 -7.86578e-05  3.01128e-07  4.98633e-07 -1.41722e-05 -1.19511e-05   -0.0212961    -0.016098 -3.19256e-05  2.57875e-05 -4.43258e-06 -5.81848e-08 -2.21447e-11 -4.54313e-19 -5.64911e-16 -1.24821e-05 -2.19937e-05 -1.78759e-05  8.64137e-09 -3.72741e-06  1.90429e-05  3.19649e-06 -3.16354e-07  0.000221944 -2.75334e-08
-4.97197e-07 -5.50125e-07 -4.85052e-07  4.19341e-09  4.36773e-09 -2.36164e-07 -2.80491e-07 -0.000375323 -0.000303779 -1.82724e-07  2.24359e-07 -2.67183e-07 -2.78415e-09   -1.598e-13 -8.36117e-21 -1.03594e-17 -2.46119e-07 -4.23544e-07 -3.18347e-07 -9.94527e-10 -3.09404e-07  2.94804e-07  2.38279e-08 -1.39067e-08 -2.75334e-08  3.51475e-06
* row and column names
af_m
af_p
albedo_bg
alpha_m
alpha_p
auf_m
auf_p
den_m
den_p
e_bg
n_m
n_p
pen_s
pen_w
perm_m
perm_p
por_m
por_p
tcd_m
tcd_p
tcs_m
tcs_p
wr_m
wr_p
z_bg
z_s
