    26    26     1
    0.315532  0.000190892  -0.00040855  1.64082e-06  2.26315e-06  -0.00019608  2.29309e-05    0.0843506    0.0380891 -0.000155238  0.000174942 -3.91461e-05 -7.57479e-08  3.46042e-10   -1.652e-18 -6.78427e-15  0.000274941 -0.000211128 -0.000357945 -1.15225e-06  0.000544395  1.60466e-05  1.38647e-06   3.1296e-05 -7.07584e-06   1.7334e-08
 0.000190892     0.317924   0.00011137  5.31252e-07 -3.28526e-06  6.30133e-05 -0.000147822   -0.0972621   -0.0370229  7.18096e-05  0.000142352  3.29047e-05 -1.49553e-07  -5.6959e-11  1.60765e-18  1.93854e-15 -0.000399922   1.8132e-05  0.000177562 -8.01789e-07 -6.80319e-05  0.000187886  1.96486e-05 -1.09084e-06  5.37734e-07 -1.39847e-08
 -0.00040855   0.00011137    0.0394177   3.2493e-06 -4.61847e-07  1.71311e-05   -0.0010788     0.297681    0.0296719  -0.00066209  0.000894478 -0.000471515    2.162e-07  1.62097e-09  1.59953e-17 -9.90255e-15  0.000590926 -0.000364694  0.000602429  3.17869e-07   0.00152874  0.000283873  4.19299e-05  8.02926e-05 -5.19934e-06  9.92396e-08
 1.64082e-06  5.31252e-07   3.2493e-06  4.36694e-07  1.56109e-08  2.89158e-07  3.69338e-07   0.00115201 -0.000101489  1.47194e-06 -4.46337e-06  2.30607e-06  6.30391e-10 -3.71056e-12  9.61835e-21  6.76563e-17  1.04616e-06  4.40345e-07 -9.48989e-08  5.77578e-09 -1.32017e-05  -9.1659e-07  -2.7512e-07 -2.66498e-07  6.88127e-08  -4.3923e-12
 2.26315e-06 -3.28526e-06 -4.61847e-07  1.56109e-08  6.15006e-06  1.09833e-06 -2.96291e-06  0.000395814 -0.000300532 -3.00133e-07  1.33696e-06 -1.52801e-05 -4.53374e-10  5.88653e-12  4.45471e-20 -2.28883e-17 -4.85386e-06 -3.36026e-07  3.10151e-06  3.56831e-09   4.9183e-06  5.84802e-07  2.05005e-07  2.84326e-07  7.00497e-08 -1.74089e-10
 -0.00019608  6.30133e-05  1.71311e-05  2.89158e-07  1.09833e-06    0.0686069   9.8599e-05   0.00922288    0.0114876 -2.60587e-05 -7.90822e-06   5.3037e-06 -2.86084e-08 -3.21587e-11 -1.96516e-18 -1.56289e-15  5.71519e-05 -3.64457e-05 -0.000181914 -3.52377e-07  3.18877e-05 -8.14106e-06 -2.49829e-06    4.381e-06 -3.21693e-06  4.42724e-09
 2.29309e-05 -0.000147822   -0.0010788  3.69338e-07 -2.96291e-06   9.8599e-05    0.0324826     0.285941  -0.00774394 -0.000132762  0.000274655 -3.50858e-05 -3.84902e-09  1.11104e-09  1.33257e-17 -1.12283e-15  0.000215252 -0.000212442  0.000509045  2.31818e-07  0.000196049  0.000135041  1.47848e-05  2.86566e-05  1.31632e-05    7.811e-10
   0.0843506   -0.0972621     0.297681   0.00115201  0.000395814   0.00922288     0.285941       225321      -8.9904    0.0245011     0.159739   0.00199757 -0.000230733 -3.48489e-07 -5.19234e-15 -1.02703e-12    -0.189457    0.0976128   -0.0661743 -0.000447775      0.58462    0.0434061   0.00945142  -0.00346432  -0.00913913 -1.91849e-05
   0.0380891   -0.0370229    0.0296719 -0.000101489 -0.000300532    0.0114876  -0.00774394      -8.9904       113899    0.0128691   -0.0119556   0.00733362 -1.23679e-05 -3.56567e-08   2.3643e-16  5.45405e-13    -0.043425    0.0155495    0.0240673  0.000134924   -0.0660793   0.00730711  0.000753316  -0.00231783  0.000417205  4.81539e-06
-0.000155238  7.18096e-05  -0.00066209  1.47194e-06 -3.00133e-07 -2.60587e-05 -0.000132762    0.0245011    0.0128691    0.0130655  0.000249226 -0.000351952  1.05174e-07  8.60411e-10  1.43856e-18 -4.05593e-15  8.80405e-05 -0.000238161  4.58232e-06   9.8426e-08  0.000703374  6.18886e-05  1.78209e-05  2.24566e-05 -7.94776e-06  4.89166e-08
 0.000174942  0.000142352  0.000894478 -4.46337e-06  1.33696e-06 -7.90822e-06  0.000274655     0.159739   -0.0119556  0.000249226     0.261389  0.000180723   1.2526e-07 -5.57423e-10 -1.74141e-18  8.71896e-15  0.000102167  7.13425e-05 -0.000192705  9.08189e-07  -0.00191562 -0.000259376 -5.26207e-05 -4.52696e-05   8.7589e-06   6.1859e-09
-3.91461e-05  3.29047e-05 -0.000471515  2.30607e-06 -1.52801e-05   5.3037e-06 -3.50858e-05   0.00199757   0.00733362 -0.000351952  0.000180723    0.0235316  2.17199e-07  3.14845e-10 -8.28382e-19 -6.02403e-15  -0.00124243   0.00210152 -1.49092e-05  1.19969e-06   0.00106774 -2.41089e-06  2.43333e-05  0.000265225 -9.25173e-06  8.54643e-09
-7.57479e-08 -1.49553e-07    2.162e-07  6.30391e-10 -4.53374e-10 -2.86084e-08 -3.84902e-09 -0.000230733 -1.23679e-05  1.05174e-07   1.2526e-07  2.17199e-07  5.62468e-05  3.46039e-14 -7.53407e-22 -8.38493e-19 -5.39208e-08  3.61283e-08 -1.72245e-08 -1.86708e-09  4.03369e-08  7.43849e-08 -8.74093e-09  2.05866e-09 -6.93121e-09 -5.02892e-10
 3.46042e-10  -5.6959e-11  1.62097e-09 -3.71056e-12  5.88653e-12 -3.21587e-11  1.11104e-09 -3.48489e-07 -3.56567e-08  8.60411e-10 -5.57423e-10  3.14845e-10  3.46039e-14  1.40625e-05 -1.41032e-23  8.45641e-21 -4.32023e-10  1.37862e-09  1.39898e-11  5.97119e-13  -1.1391e-09 -2.45512e-10  -3.4495e-11  -8.3184e-11   1.6011e-11 -5.59883e-15
  -1.652e-18  1.60765e-18  1.59953e-17  9.61835e-21  4.45471e-20 -1.96516e-18  1.33257e-17 -5.19234e-15   2.3643e-16  1.43856e-18 -1.74141e-18 -8.28382e-19 -7.53407e-22 -1.41032e-23    1.406e-27 -1.84702e-29 -3.61008e-18  3.35823e-18 -9.72084e-18 -1.20997e-20  3.27046e-18 -1.46803e-18 -1.07202e-19 -3.28196e-19 -2.48569e-19 -2.40471e-23
-6.78427e-15  1.93854e-15 -9.90255e-15  6.76563e-17 -2.28883e-17 -1.56289e-15 -1.12283e-15 -1.02703e-12  5.45405e-13 -4.05593e-15  8.71896e-15 -6.02403e-15 -8.38493e-19  8.45641e-21 -1.84702e-29  4.01787e-22  7.45119e-16 -2.55623e-15 -1.47869e-15 -1.52931e-17  2.77188e-14  8.61264e-16  3.89773e-16  7.92603e-16 -1.38762e-16  1.76696e-19
 0.000274941 -0.000399922  0.000590926  1.04616e-06 -4.85386e-06  5.71519e-05  0.000215252    -0.189457    -0.043425  8.80405e-05  0.000102167  -0.00124243 -5.39208e-08 -4.32023e-10 -3.61008e-18  7.45119e-16    0.0293899  0.000169084  1.02454e-05  9.01066e-07 -0.000506651  5.18709e-05 -0.000131432 -1.97353e-05 -3.82043e-06 -1.22399e-08
-0.000211128   1.8132e-05 -0.000364694  4.40345e-07 -3.36026e-07 -3.64457e-05 -0.000212442    0.0976128    0.0155495 -0.000238161  7.13425e-05   0.00210152  3.61283e-08  1.37862e-09  3.35823e-18 -2.55623e-15  0.000169084    0.0273144 -0.000135827 -8.59256e-07  0.000297096  1.95785e-05 -1.91024e-06  2.40805e-05 -2.17444e-06  5.38166e-08
-0.000357945  0.000177562  0.000602429 -9.48989e-08  3.10151e-06 -0.000181914  0.000509045   -0.0661743    0.0240673  4.58232e-06 -0.000192705 -1.49092e-05 -1.72245e-08  1.39898e-11 -9.72084e-18 -1.47869e-15  1.02454e-05 -0.000135827     0.135576 -6.97169e-07 -0.000220486 -8.26591e-05 -1.58488e-05 -4.28595e-06 -1.22946e-05  2.00603e-08
-1.15225e-06 -8.01789e-07  3.17869e-07  5.77578e-09  3.56831e-09 -3.52377e-07  2.31818e-07 -0.000447775  0.000134924   9.8426e-08  9.08189e-07  1.19969e-06 -1.86708e-09  5.97119e-13 -1.20997e-20 -1.52931e-17  9.01066e-07 -8.59256e-07 -6.97169e-07   0.00143516  2.54418e-06  3.71955e-07 -1.75807e-08  7.15962e-08 -1.21915e-08 -6.98709e-11
 0.000544395 -6.80319e-05   0.00152874 -1.32017e-05   4.9183e-06  3.18877e-05  0.000196049      0.58462   -0.0660793  0.000703374  -0.00191562   0.00106774  4.03369e-08  -1.1391e-09  3.27046e-18  2.77188e-14 -0.000506651  0.000297096 -0.000220486  2.54418e-06     0.118313 -0.000317634 -0.000146148 -0.000110929  2.67521e-05 -4.52547e-08
 1.60466e-05  0.000187886  0.000283873  -9.1659e-07  5.84802e-07 -8.14106e-06  0.000135041    0.0434061   0.00730711  6.18886e-05 -0.000259376 -2.41089e-06  7.43849e-08 -2.45512e-10 -1.46803e-18  8.61264e-16  5.18709e-05  1.95785e-05 -8.26591e-05  3.71955e-07 -0.000317634     0.027007 -2.05596e-05 -7.72112e-06   2.3899e-06  5.90729e-09
 1.38647e-06  1.96486e-05  4.19299e-05  -2.7512e-07  2.05005e-07 -2.49829e-06  1.47848e-05   0.00945142  0.000753316  1.78209e-05 -5.26207e-05  2.43333e-05 -8.74093e-09  -3.4495e-11 -1.07202e-19  3.89773e-16 -0.000131432 -1.91024e-06 -1.58488e-05 -1.75807e-08 -0.000146148 -2.05596e-05   0.00355362 -1.67937e-06  5.13046e-07 -1.09498e-09
  3.1296e-05 -1.09084e-06  8.02926e-05 -2.66498e-07  2.84326e-07    4.381e-06  2.86566e-05  -0.00346432  -0.00231783  2.24566e-05 -4.52696e-05  0.000265225  2.05866e-09  -8.3184e-11 -3.28196e-19  7.92603e-16 -1.97353e-05  2.40805e-05 -4.28595e-06  7.15962e-08 -0.000110929 -7.72112e-06 -1.67937e-06   0.00192841  4.20404e-07 -2.09604e-09
-7.07584e-06  5.37734e-07 -5.19934e-06  6.88127e-08  7.00497e-08 -3.21693e-06  1.31632e-05  -0.00913913  0.000417205 -7.94776e-06   8.7589e-06 -9.25173e-06 -6.93121e-09   1.6011e-11 -2.48569e-19 -1.38762e-16 -3.82043e-06 -2.17444e-06 -1.22946e-05 -1.21915e-08  2.67521e-05   2.3899e-06  5.13046e-07  4.20404e-07  0.000224048 -8.73108e-10
  1.7334e-08 -1.39847e-08  9.92396e-08  -4.3923e-12 -1.74089e-10  4.42724e-09    7.811e-10 -1.91849e-05  4.81539e-06  4.89166e-08   6.1859e-09  8.54643e-09 -5.02892e-10 -5.59883e-15 -2.40471e-23  1.76696e-19 -1.22399e-08  5.38166e-08  2.00603e-08 -6.98709e-11 -4.52547e-08  5.90729e-09 -1.09498e-09 -2.09604e-09 -8.73108e-10  3.51542e-06
* row and column names
af_m
af_p
albedo_bg
alpha_m
alpha_p
auf_m
auf_p
den_m
den_p
e_bg
n_m
n_p
pen_s
pen_w
perm_m
perm_p
por_m
por_p
tcd_m
tcd_p
tcs_m
tcs_p
wr_m
wr_p
z_bg
z_s
