    26    26     1
    0.315691 -0.000240311  0.000295208 -1.01337e-06  8.05486e-07  1.20545e-05 -0.000107374   -0.0852508   -0.0112445  0.000121385 -0.000380311 -3.24038e-05 -1.60358e-06  1.26373e-10 -2.49276e-18 -4.65698e-16   -8.574e-05   9.4654e-05 -0.000133578 -9.09938e-06 -0.000180633  -0.00023028 -4.97751e-05 -4.42503e-05 -4.43009e-06 -2.38465e-07
-0.000240311     0.316823  0.000642496 -8.30489e-07  5.04196e-07 -5.90783e-06 -0.000334341    -0.294001    -0.068372  0.000323967 -0.000456745 -0.000118195  -2.4088e-06  1.53807e-10 -5.44429e-18 -9.56949e-16 -0.000650285   1.7262e-05 -0.000187863 -1.27396e-05 -0.000201087  0.000186818 -2.68568e-05 -4.33566e-05  4.88773e-06 -6.24536e-07
 0.000295208  0.000642496    0.0399737  5.52874e-06  3.58829e-06 -3.08505e-05  0.000107213    -0.086563    0.0346898  -0.00104797   0.00117039  -3.7759e-05  2.89814e-06 -6.07254e-10  1.32323e-19 -8.67507e-16 -0.000247234  -0.00058326  9.57737e-05  7.61687e-06  0.000431031  0.000761053  0.000147999  7.19458e-05 -4.29332e-05  5.78741e-07
-1.01337e-06 -8.30489e-07  5.52874e-06  4.43242e-07 -7.13651e-09  1.63825e-07 -3.00851e-07  0.000507805 -3.11693e-05  2.12468e-06 -4.81925e-06 -4.52747e-07 -6.32927e-09  2.38859e-12 -4.35514e-21  3.52947e-18  2.16287e-06  1.68445e-06 -5.23941e-07 -3.70986e-08 -2.59705e-06 -3.42222e-06 -6.60961e-07 -2.27044e-07  6.43882e-08 -1.38077e-09
 8.05486e-07  5.04196e-07  3.58829e-06 -7.13651e-09  6.10246e-06  1.79712e-07  9.27319e-07   0.00266869 -0.000328774  1.41281e-06  6.67175e-07 -1.12018e-05  1.27187e-08  1.76344e-12  4.59523e-20  5.65893e-18  7.41607e-07  1.75585e-06  1.61868e-06  9.71187e-08  9.92913e-07  1.32998e-06  6.47686e-08  4.79805e-07  3.64026e-07  4.17861e-09
 1.20545e-05 -5.90783e-06 -3.08505e-05  1.63825e-07  1.79712e-07    0.0686767 -2.82289e-06  -0.00429121 -0.000400478 -9.44294e-06  2.58773e-05  1.80475e-05  6.36404e-09  -2.1378e-11 -1.41784e-19   -3.085e-16 -1.90167e-05 -1.02781e-05 -4.01367e-06  2.05002e-07 -2.55936e-05  3.53108e-05  4.51393e-06  1.83422e-06 -3.60598e-07  3.82614e-09
-0.000107374 -0.000334341  0.000107213 -3.00851e-07  9.27319e-07 -2.82289e-06    0.0331835    -0.124915   -0.0146397  5.90585e-05 -0.000168739  2.54853e-06 -6.02038e-07  3.36538e-11 -2.50529e-18 -3.27567e-16 -0.000190287  2.91333e-05 -0.000104704 -6.59203e-06 -0.000109591   4.7751e-05 -1.89541e-05 -2.18867e-05 -6.61675e-06 -1.95291e-07
  -0.0852508    -0.294001    -0.086563  0.000507805   0.00266869  -0.00429121    -0.124915       225347     -10.0599   -0.0120406    0.0275631     0.148229  -0.00114276 -7.69215e-08 -2.56786e-15 -7.05461e-13    -0.247523   -0.0312658   -0.0745924  -0.00591144     0.120516     0.115555 -0.000934444   -0.0199414   -0.0139786 -0.000269892
  -0.0112445    -0.068372    0.0346898 -3.11693e-05 -0.000328774 -0.000400478   -0.0146397     -10.0599       113899    0.0167012   -0.0122915  -0.00681809 -7.52807e-05  1.14927e-08  -5.5568e-17 -6.21662e-14   -0.0405678    0.0066692  -0.00407518  -0.00027149  -0.00674764    0.0199383 -0.000953185  -0.00144824   0.00108249 -4.88271e-06
 0.000121385  0.000323967  -0.00104797  2.12468e-06  1.41281e-06 -9.44294e-06  5.90585e-05   -0.0120406    0.0167012    0.0128943  0.000464373 -5.38896e-05  1.22695e-06 -2.39731e-10  4.90695e-19 -1.96664e-16 -7.37618e-05 -0.000263542  5.02716e-05  3.81701e-06  0.000208263  0.000271036  6.07768e-05  2.71864e-05 -1.72107e-05  2.55685e-07
-0.000380311 -0.000456745   0.00117039 -4.81925e-06  6.67175e-07  2.58773e-05 -0.000168739    0.0275631   -0.0122915  0.000464373     0.261123 -0.000243036 -2.13909e-06  4.60746e-10 -4.62867e-18  6.29951e-16  0.000243205  0.000319312  -0.00025364 -1.68505e-05  -0.00070758 -0.000949317 -0.000153837  -7.5927e-05    6.448e-06 -5.38952e-07
-3.24038e-05 -0.000118195  -3.7759e-05 -4.52747e-07 -1.12018e-05  1.80475e-05  2.54853e-06     0.148229  -0.00681809 -5.38896e-05 -0.000243036    0.0552148  4.87086e-07  1.81535e-10 -4.40129e-20 -9.60615e-18 -0.000444887   0.00046427 -1.58548e-05  -5.8103e-07 -0.000114126 -0.000196299 -2.72369e-05  0.000205737  1.17557e-05  4.22033e-08
-1.60358e-06  -2.4088e-06  2.89814e-06 -6.32927e-09  1.27187e-08  6.36404e-09 -6.02038e-07  -0.00114276 -7.52807e-05  1.22695e-06 -2.13909e-06  4.87086e-07  5.62267e-05  6.30233e-13 -1.23942e-20 -1.55124e-18 -6.99825e-07  3.87748e-07  -6.2774e-07 -4.47953e-08 -1.34113e-06  -1.4281e-06 -2.82478e-07 -3.01638e-07 -2.90638e-08 -3.86459e-09
 1.26373e-10  1.53807e-10 -6.07254e-10  2.38859e-12  1.76344e-12  -2.1378e-11  3.36538e-11 -7.69215e-08  1.14927e-08 -2.39731e-10  4.60746e-10  1.81535e-10  6.30233e-13  1.40625e-05  1.28712e-25 -4.58581e-22 -2.95714e-10 -4.59884e-11  5.19211e-11  3.52797e-12  2.68508e-10  3.60557e-10  7.24629e-11   2.3078e-11 -1.24464e-11  1.20943e-13
-2.49276e-18 -5.44429e-18  1.32323e-19 -4.35514e-21  4.59523e-20 -1.41784e-19 -2.50529e-18 -2.56786e-15  -5.5568e-17  4.90695e-19 -4.62867e-18 -4.40129e-20 -1.23942e-20  1.28712e-25  1.40615e-27 -1.27692e-29 -2.25222e-18 -2.46873e-19 -3.20515e-18 -2.00633e-19 -3.48997e-18 -1.32113e-18 -5.17697e-19 -2.93675e-19 -1.75538e-19 -4.85632e-21
-4.65698e-16 -9.56949e-16 -8.67507e-16  3.52947e-18  5.65893e-18   -3.085e-16 -3.27567e-16 -7.05461e-13 -6.21662e-14 -1.96664e-16  6.29951e-16 -9.60615e-18 -1.55124e-18 -4.58581e-22 -1.27692e-29  4.01957e-22 -5.30017e-16 -4.98569e-16 -4.36261e-16 -1.54721e-17 -4.06711e-16   1.1624e-15  3.42099e-17  3.10916e-17  -1.5486e-17  1.65229e-19
  -8.574e-05 -0.000650285 -0.000247234  2.16287e-06  7.41607e-07 -1.90167e-05 -0.000190287    -0.247523   -0.0405678 -7.37618e-05  0.000243205 -0.000444887 -6.99825e-07 -2.95714e-10 -2.25222e-18 -5.30017e-16    0.0295122 -2.39485e-05 -6.39476e-05 -4.77973e-06  0.000310564  0.000413384 -7.93707e-05  -2.2063e-05  -1.1532e-05 -2.08014e-07
  9.4654e-05   1.7262e-05  -0.00058326  1.68445e-06  1.75585e-06 -1.02781e-05  2.91333e-05   -0.0312658    0.0066692 -0.000263542  0.000319312   0.00046427  3.87748e-07 -4.59884e-11 -2.46873e-19 -4.98569e-16 -2.39485e-05    0.0265706   2.0818e-06  1.82122e-06  5.57312e-05  7.23285e-05   3.0575e-05 -2.72498e-05 -3.83129e-06 -7.75658e-10
-0.000133578 -0.000187863  9.57737e-05 -5.23941e-07  1.61868e-06 -4.01367e-06 -0.000104704   -0.0745924  -0.00407518  5.02716e-05  -0.00025364 -1.58548e-05  -6.2774e-07  5.19211e-11 -3.20515e-18 -4.36261e-16 -6.39476e-05   2.0818e-06     0.136137 -7.99116e-06 -0.000224369 -0.000118137 -3.18049e-05 -1.94004e-05 -7.04166e-06  -1.9588e-07
-9.09938e-06 -1.27396e-05  7.61687e-06 -3.70986e-08  9.71187e-08  2.05002e-07 -6.59203e-06  -0.00591144  -0.00027149  3.81701e-06 -1.68505e-05  -5.8103e-07 -4.47953e-08  3.52797e-12 -2.00633e-19 -1.54721e-17 -4.77973e-06  1.82122e-06 -7.99116e-06   0.00143465 -1.03336e-05  -8.2786e-06 -2.10232e-06 -1.36137e-06 -4.37022e-07 -1.36159e-08
-0.000180633 -0.000201087  0.000431031 -2.59705e-06  9.92913e-07 -2.55936e-05 -0.000109591     0.120516  -0.00674764  0.000208263  -0.00070758 -0.000114126 -1.34113e-06  2.68508e-10 -3.48997e-18 -4.06711e-16  0.000310564  5.57312e-05 -0.000224369 -1.03336e-05     0.125683 -0.000404008 -0.000118217 -2.24017e-05  1.70507e-07 -2.78424e-07
 -0.00023028  0.000186818  0.000761053 -3.42222e-06  1.32998e-06  3.53108e-05   4.7751e-05     0.115555    0.0199383  0.000271036 -0.000949317 -0.000196299  -1.4281e-06  3.60557e-10 -1.32113e-18   1.1624e-15  0.000413384  7.23285e-05 -0.000118137  -8.2786e-06 -0.000404008    0.0260741 -0.000125699 -4.85122e-05  2.72042e-06 -3.32247e-07
-4.97751e-05 -2.68568e-05  0.000147999 -6.60961e-07  6.47686e-08  4.51393e-06 -1.89541e-05 -0.000934444 -0.000953185  6.07768e-05 -0.000153837 -2.72369e-05 -2.82478e-07  7.24629e-11 -5.17697e-19  3.42099e-17 -7.93707e-05   3.0575e-05 -3.18049e-05 -2.10232e-06 -0.000118217 -0.000125699    0.0035263 -9.18507e-06   3.7785e-07 -6.64024e-08
-4.42503e-05 -4.33566e-05  7.19458e-05 -2.27044e-07  4.79805e-07  1.83422e-06 -2.18867e-05   -0.0199414  -0.00144824  2.71864e-05  -7.5927e-05  0.000205737 -3.01638e-07   2.3078e-11 -2.93675e-19  3.10916e-17  -2.2063e-05 -2.72498e-05 -1.94004e-05 -1.36137e-06 -2.24017e-05 -4.85122e-05 -9.18507e-06   0.00192078 -1.32118e-06 -6.36385e-08
-4.43009e-06  4.88773e-06 -4.29332e-05  6.43882e-08  3.64026e-07 -3.60598e-07 -6.61675e-06   -0.0139786   0.00108249 -1.72107e-05    6.448e-06  1.17557e-05 -2.90638e-08 -1.24464e-11 -1.75538e-19  -1.5486e-17  -1.1532e-05 -3.83129e-06 -7.04166e-06 -4.37022e-07  1.70507e-07  2.72042e-06   3.7785e-07 -1.32118e-06  0.000222662 -1.25396e-08
-2.38465e-07 -6.24536e-07  5.78741e-07 -1.38077e-09  4.17861e-09  3.82614e-09 -1.95291e-07 -0.000269892 -4.88271e-06  2.55685e-07 -5.38952e-07  4.22033e-08 -3.86459e-09  1.20943e-13 -4.85632e-21  1.65229e-19 -2.08014e-07 -7.75658e-10  -1.9588e-07 -1.36159e-08 -2.78424e-07 -3.32247e-07 -6.64024e-08 -6.36385e-08 -1.25396e-08  3.51468e-06
* row and column names
af_m
af_p
albedo_bg
alpha_m
alpha_p
auf_m
auf_p
den_m
den_p
e_bg
n_m
n_p
pen_s
pen_w
perm_m
perm_p
por_m
por_p
tcd_m
tcd_p
tcs_m
tcs_p
wr_m
wr_p
z_bg
z_s
