    26    26     1
    0.315799  0.000127473 -0.000263405  1.03705e-06  1.91365e-06  -0.00013666  -2.9159e-05    0.0776136    0.0120897 -6.89433e-05  0.000169224  4.36472e-05  1.22568e-08            0 -3.45039e-19 -2.69377e-15  0.000125332 -3.95156e-05 -0.000255894  5.00001e-07  5.03218e-05  2.67152e-05   5.8265e-06  9.42016e-06 -4.73998e-06  1.24399e-08
 0.000127473     0.317562  0.000100233  9.76039e-07 -8.28337e-06  7.54824e-05 -0.000120611   -0.0883673    -0.047246  2.08467e-05  9.63676e-05 -2.32338e-05 -1.05329e-07            0 -9.17347e-19 -4.46922e-16 -0.000465388 -2.62831e-05  0.000166127 -1.63329e-06  5.33972e-05  0.000213399  2.54628e-05  1.11933e-05  5.75973e-07 -1.45856e-08
-0.000263405  0.000100233    0.0404212  5.32055e-06 -2.95579e-06 -0.000122566 -8.33587e-05     -0.19436    0.0244243 -0.000637796   0.00103139  -0.00046589  2.12783e-07            0 -1.64913e-18 -1.19749e-14   0.00011257  -0.00052917 -0.000162723  1.58694e-06   0.00129143  0.000195367  5.37992e-05  5.22519e-05 -2.98304e-05  7.01655e-08
 1.03705e-06  9.76039e-07  5.32055e-06  4.26392e-07  4.82655e-08  3.22854e-07  7.11634e-07   0.00126528   2.9071e-05  1.92986e-06 -6.15914e-06  2.34051e-06  1.05779e-10            0  1.72779e-20  8.03779e-17  2.39726e-06  1.01319e-06 -5.69697e-08 -3.14398e-09 -1.32044e-05 -1.13334e-06 -4.23353e-07 -2.59078e-07  7.21653e-08  3.35609e-11
 1.91365e-06 -8.28337e-06 -2.95579e-06  4.82655e-08  6.02548e-06  9.31614e-07 -7.74138e-07 -0.000892486 -0.000475746 -1.88577e-06  4.64184e-06 -1.85501e-05  -4.2166e-10            0 -3.36003e-20 -1.12452e-16 -8.90541e-06 -2.71621e-06  2.30854e-06  -7.1631e-09  1.23189e-05  1.20562e-06  5.27933e-07  5.43493e-07  2.89588e-08 -1.57508e-10
 -0.00013666  7.54824e-05 -0.000122566  3.22854e-07  9.31614e-07     0.068626 -6.33306e-06    0.0351888   0.00697387 -3.21227e-05  4.95371e-05  2.08185e-05  1.88168e-10            0 -7.63947e-20 -1.05596e-15   7.8328e-05 -5.62901e-05 -0.000115594  2.33213e-07 -4.14477e-05  2.06273e-06 -5.28166e-07  4.07588e-06 -1.70298e-06  3.31971e-09
 -2.9159e-05 -0.000120611 -8.33587e-05  7.11634e-07 -7.74138e-07 -6.33306e-06    0.0332795    -0.025894  -0.00687769 -2.00062e-05   0.00013316  2.49159e-05 -2.31095e-08            0   -2.385e-19 -8.30335e-16 -6.80518e-05 -5.62049e-05  2.54105e-06  -1.9396e-07  0.000181623  6.69031e-05   1.1048e-05  5.16931e-06 -1.57341e-06 -3.08369e-09
   0.0776136   -0.0883673     -0.19436   0.00126528 -0.000892486    0.0351888    -0.025894       225435     -8.28566   -0.0427929     0.248421   -0.0179553 -0.000191206            0 -3.27194e-16 -1.66111e-12   -0.0829337   0.00880199     0.105401 -0.000139411     0.600407    0.0748349    0.0141809   0.00509578  -0.00469579 -1.34287e-05
   0.0120897    -0.047246    0.0244243   2.9071e-05 -0.000475746   0.00697387  -0.00687769     -8.28566       113900   0.00451829 -6.98131e-05   0.00277417 -1.83559e-05            0 -5.36988e-17  6.90672e-14   -0.0361751  -0.00325116    0.0140487 -0.000102522   0.00479978    0.0111263   0.00125726  0.000354982  0.000259864  5.44893e-06
-6.89433e-05  2.08467e-05 -0.000637796  1.92986e-06 -1.88577e-06 -3.21227e-05 -2.00062e-05   -0.0427929   0.00451829    0.0130818  0.000302985 -0.000307335  1.04085e-07            0 -6.68884e-19 -4.24634e-15 -1.53332e-05  -0.00022247 -4.01595e-05  4.89427e-07  0.000537145  5.67945e-05  2.23499e-05  1.62187e-05 -9.41467e-06  3.62753e-08
 0.000169224  9.63676e-05   0.00103139 -6.15914e-06  4.64184e-06  4.95371e-05   0.00013316     0.248421 -6.98131e-05  0.000302985     0.261313  0.000159039  4.71542e-08            0  1.98012e-18  1.11774e-14  0.000298629  0.000162552 -2.60529e-05 -6.10359e-07  -0.00193694 -0.000251815 -7.11627e-05 -3.84469e-05  1.42998e-05   1.1141e-08
 4.36472e-05 -2.32338e-05  -0.00046589  2.34051e-06 -1.85501e-05  2.08185e-05  2.49159e-05   -0.0179553   0.00277417 -0.000307335  0.000159039    0.0238924  1.40091e-07            0 -1.56885e-18 -5.81881e-15  -0.00136341   0.00218834   4.5073e-05   3.2014e-07   0.00073484 -1.15786e-05  2.34306e-05  0.000259838 -7.36494e-06 -3.68902e-09
 1.22568e-08 -1.05329e-07  2.12783e-07  1.05779e-10  -4.2166e-10  1.88168e-10 -2.31095e-08 -0.000191206 -1.83559e-05  1.04085e-07  4.71542e-08  1.40091e-07  5.62474e-05            0  3.91751e-23  2.58013e-19 -8.00705e-08  1.08608e-07  3.53616e-08 -6.60864e-10 -1.37214e-07  5.66107e-08 -5.72818e-09 -4.87396e-09 -4.62912e-09 -3.97297e-10
           0            0            0            0            0            0            0            0            0            0            0            0            0  1.40625e-05            0            0            0            0            0            0            0            0            0            0            0            0
-3.45039e-19 -9.17347e-19 -1.64913e-18  1.72779e-20 -3.36003e-20 -7.63947e-20   -2.385e-19 -3.27194e-16 -5.36988e-17 -6.68884e-19  1.98012e-18 -1.56885e-18  3.91751e-23            0  1.40624e-27 -3.87994e-29 -1.46089e-18 -2.07116e-19   5.8294e-20   -2.851e-23  4.95729e-18  3.27587e-19  1.54928e-19   1.3296e-19 -1.29807e-20  9.52398e-24
-2.69377e-15 -4.46922e-16 -1.19749e-14  8.03779e-17 -1.12452e-16 -1.05596e-15 -8.30335e-16 -1.66111e-12  6.90672e-14 -4.24634e-15  1.11774e-14 -5.81881e-15  2.58013e-19            0 -3.87994e-29  4.01795e-22  -3.7434e-15 -3.85189e-15 -1.06145e-15  1.08196e-17  2.13336e-14  1.15366e-15  6.65997e-16  6.32959e-16 -1.27812e-16  5.19387e-20
 0.000125332 -0.000465388   0.00011257  2.39726e-06 -8.90541e-06   7.8328e-05 -6.80518e-05   -0.0829337   -0.0361751 -1.53332e-05  0.000298629  -0.00136341 -8.00705e-08            0 -1.46089e-18  -3.7434e-15    0.0294702  0.000159194  0.000168887 -8.85354e-07  0.000136442  0.000104994 -0.000113797 -2.77651e-06  5.90043e-07  -6.3895e-09
-3.95156e-05 -2.62831e-05  -0.00052917  1.01319e-06 -2.71621e-06 -5.62901e-05 -5.62049e-05   0.00880199  -0.00325116  -0.00022247  0.000162552   0.00218834  1.08608e-07            0 -2.07116e-19 -3.85189e-15  0.000159194    0.0273961 -0.000113988  3.66329e-07  2.79482e-05  9.18892e-06  2.08384e-06  1.11364e-05 -6.97589e-07  4.43925e-08
-0.000255894  0.000166127 -0.000162723 -5.69697e-08  2.30854e-06 -0.000115594  2.54105e-06     0.105401    0.0140487 -4.01595e-05 -2.60529e-05   4.5073e-05  3.53616e-08            0   5.8294e-20 -1.06145e-15  0.000168887 -0.000113988     0.136024  4.42323e-07 -0.000331987 -2.42817e-05 -9.83741e-06   4.7817e-06 -1.93762e-06  1.96041e-08
 5.00001e-07 -1.63329e-06  1.58694e-06 -3.14398e-09  -7.1631e-09  2.33213e-07  -1.9396e-07 -0.000139411 -0.000102522  4.89427e-07 -6.10359e-07   3.2014e-07 -6.60864e-10            0   -2.851e-23  1.08196e-17 -8.85354e-07  3.66329e-07  4.42323e-07   0.00143517 -1.07625e-06  3.28663e-07 -2.37389e-09 -3.26983e-08  1.95372e-08  -7.9216e-11
 5.03218e-05  5.33972e-05   0.00129143 -1.32044e-05  1.23189e-05 -4.14477e-05  0.000181623     0.600407   0.00479978  0.000537145  -0.00193694   0.00073484 -1.37214e-07            0  4.95729e-18  2.13336e-14  0.000136442  2.79482e-05 -0.000331987 -1.07625e-06     0.119545 -0.000330403 -0.000173606 -5.83655e-05   2.0585e-05 -1.53874e-08
 2.67152e-05  0.000213399  0.000195367 -1.13334e-06  1.20562e-06  2.06273e-06  6.69031e-05    0.0748349    0.0111263  5.67945e-05 -0.000251815 -1.15786e-05  5.66107e-08            0  3.27587e-19  1.15366e-15  0.000104994  9.18892e-06 -2.42817e-05  3.28663e-07 -0.000330403    0.0270058 -2.39168e-05 -5.86809e-06  3.90188e-06   7.1606e-09
  5.8265e-06  2.54628e-05  5.37992e-05 -4.23353e-07  5.27933e-07 -5.28166e-07   1.1048e-05    0.0141809   0.00125726  2.23499e-05 -7.11627e-05  2.34306e-05 -5.72818e-09            0  1.54928e-19  6.65997e-16 -0.000113797  2.08384e-06 -9.83741e-06 -2.37389e-09 -0.000173606 -2.39168e-05   0.00355148  -2.0256e-06  8.00542e-07 -4.65246e-10
 9.42016e-06  1.11933e-05  5.22519e-05 -2.59078e-07  5.43493e-07  4.07588e-06  5.16931e-06   0.00509578  0.000354982  1.62187e-05 -3.84469e-05  0.000259838 -4.87396e-09            0   1.3296e-19  6.32959e-16 -2.77651e-06  1.11364e-05   4.7817e-06 -3.26983e-08 -5.83655e-05 -5.86809e-06  -2.0256e-06    0.0019312  4.91137e-07 -1.12718e-09
-4.73998e-06  5.75973e-07 -2.98304e-05  7.21653e-08  2.89588e-08 -1.70298e-06 -1.57341e-06  -0.00469579  0.000259864 -9.41467e-06  1.42998e-05 -7.36494e-06 -4.62912e-09            0 -1.29807e-20 -1.27812e-16  5.90043e-07 -6.97589e-07 -1.93762e-06  1.95372e-08   2.0585e-05  3.90188e-06  8.00542e-07  4.91137e-07  0.000224333 -9.65005e-10
 1.24399e-08 -1.45856e-08  7.01655e-08  3.35609e-11 -1.57508e-10  3.31971e-09 -3.08369e-09 -1.34287e-05  5.44893e-06  3.62753e-08   1.1141e-08 -3.68902e-09 -3.97297e-10            0  9.52398e-24  5.19387e-20  -6.3895e-09  4.43925e-08  1.96041e-08  -7.9216e-11 -1.53874e-08   7.1606e-09 -4.65246e-10 -1.12718e-09 -9.65005e-10  3.51546e-06
* row and column names
af_m
af_p
albedo_bg
alpha_m
alpha_p
auf_m
auf_p
den_m
den_p
e_bg
n_m
n_p
pen_s
pen_w
perm_m
perm_p
por_m
por_p
tcd_m
tcd_p
tcs_m
tcs_p
wr_m
wr_p
z_bg
z_s
