    26    26     1
    0.315527 -0.000383103 -0.000747848  3.69179e-06 -1.26328e-06 -8.19218e-05  0.000315862   -0.0479897   -0.0241452 -0.000222612  0.000301654 -9.19255e-05  1.99674e-08 -4.57748e-13 -4.72985e-18 -2.18892e-15 -2.59218e-05 -0.000179742 -0.000252492 -1.57519e-06 -0.000561562  6.65724e-05 -9.05561e-06  1.42937e-05 -8.01247e-06 -3.98055e-07
-0.000383103     0.317514 -0.000382645  3.40406e-06 -7.17311e-06  8.32291e-05  0.000343995    -0.160326   0.00673698 -6.40649e-05  0.000295491 -0.000350561 -7.07986e-08 -2.55814e-11 -3.51859e-18 -9.98703e-16 -0.000443569  2.22904e-05 -0.000159648  6.87178e-07 -0.000332959  0.000217195 -9.18455e-07 -8.81114e-06 -1.72138e-06 -4.25874e-07
-0.000747848 -0.000382645    0.0401976  6.86774e-06 -5.41932e-06  2.31887e-05  0.000681517    -0.179205   -0.0420472 -0.000751774  0.000616412 -0.000351937  1.59103e-07 -1.06555e-11 -6.09789e-18  -2.7515e-15  7.37985e-05 -0.000609782 -0.000359494 -2.66934e-06   -0.0003874  0.000261552   9.4684e-06   4.9899e-05 -2.45199e-05 -4.55574e-07
 3.69179e-06  3.40406e-06  6.86774e-06  4.27738e-07  3.49107e-08 -1.47746e-07 -2.67635e-06   0.00106615  0.000135645  2.16944e-06 -4.19656e-06  1.41321e-06  1.12055e-11  6.37864e-14  2.80471e-20  9.96731e-18  1.33709e-06  1.22449e-06  1.20555e-06  6.93277e-09 -1.69678e-06 -1.35704e-06 -1.24857e-07 -1.75454e-07  5.80501e-08  2.83925e-09
-1.26328e-06 -7.17311e-06 -5.41932e-06  3.49107e-08  5.99078e-06  3.36687e-06  3.15306e-06  0.000489993  0.000348825 -1.07971e-06  3.36927e-06 -1.97585e-05 -4.66009e-10 -1.35519e-13  6.40161e-21  1.95666e-17 -5.88571e-06  4.84612e-07 -5.29816e-07  2.63539e-08 -5.15652e-06  1.76043e-06 -1.91183e-07   5.3608e-07  9.26762e-08 -3.06701e-09
-8.19218e-05  8.32291e-05  2.31887e-05 -1.47746e-07  3.36687e-06     0.068598 -2.41093e-05    0.0233062  -0.00945709 -2.47589e-06 -3.75559e-05  0.000102701  3.25658e-09  2.50558e-12 -6.10207e-19 -5.23927e-16  7.14063e-05 -2.79981e-05 -5.08528e-05 -6.59048e-07 -0.000128409 -2.89982e-05  4.02044e-07 -4.10699e-06 -1.72934e-06  9.62161e-09
 0.000315862  0.000343995  0.000681517 -2.67635e-06  3.15306e-06 -2.41093e-05    0.0318965     0.178414  -0.00162336  0.000120567  0.000498768 -5.53583e-05 -1.01748e-08 -9.91427e-12  8.97653e-18  4.51903e-15 -0.000191854  0.000353501  0.000735289  2.56222e-07   0.00114112  8.83478e-05  5.35959e-05  4.27914e-05   3.9734e-06  3.03745e-07
  -0.0479897    -0.160326    -0.179205   0.00106615  0.000489993    0.0233062     0.178414       225439     -9.91332   -0.0375369    0.0887372    0.0763562 -0.000108445  -4.6626e-09 -1.87521e-15 -1.00446e-12  -0.00327859   -0.0125453   -0.0294963 -0.000445358     0.310857    0.0526032   0.00199221  -0.00948337   -0.0036511 -7.65254e-05
  -0.0241452   0.00673698   -0.0420472  0.000135645  0.000348825  -0.00945709  -0.00162336     -9.91332       113901   -0.0144983    0.0185378    0.0205414 -6.67927e-06  1.01834e-10   -1.795e-16 -1.20765e-13    0.0160404   -0.0141979  -0.00473308 -0.000268061  -0.00937638   0.00237933  0.000171491   0.00210029 -0.000699688  6.22895e-07
-0.000222612 -6.40649e-05 -0.000751774  2.16944e-06 -1.07971e-06 -2.47589e-06  0.000120567   -0.0375369   -0.0144983    0.0130732  0.000245096 -0.000187916  8.15071e-08 -2.97982e-12 -1.36358e-18 -5.83727e-16  1.05695e-05 -0.000200801 -5.98747e-05 -8.98368e-07  4.71112e-05  8.04983e-05  1.07093e-05  1.91231e-05 -8.50868e-06 -1.16611e-07
 0.000301654  0.000295491  0.000616412 -4.19656e-06  3.36927e-06 -3.75559e-05  0.000498768    0.0887372    0.0185378  0.000245096     0.261458  0.000128758  1.95844e-08  1.63589e-11 -1.92749e-18 -1.48505e-15  0.000354141  2.70957e-05 -0.000315254  5.88964e-07  -0.00111092 -0.000318982 -4.44388e-05 -5.24372e-05  6.14427e-06   2.2435e-07
-9.19255e-05 -0.000350561 -0.000351937  1.41321e-06 -1.97585e-05  0.000102701 -5.53583e-05    0.0763562    0.0205414 -0.000187916  0.000128758    0.0274002  9.69921e-08  9.03239e-13  2.34602e-19  1.13514e-15  -0.00159736    0.0026309  8.89511e-05  1.11921e-06 -5.00319e-05 -4.35682e-06  -7.6355e-07  0.000274956 -1.43429e-06 -2.02245e-07
 1.99674e-08 -7.07986e-08  1.59103e-07  1.12055e-11 -4.66009e-10  3.25658e-09 -1.01748e-08 -0.000108445 -6.67927e-06  8.15071e-08  1.95844e-08  9.69921e-08  5.62487e-05 -4.00333e-15  2.54003e-23  9.14092e-21 -4.72518e-08   9.2249e-08  2.22705e-08 -3.35974e-10 -5.10002e-08  3.57581e-08 -4.21487e-09  -5.0442e-09 -2.81082e-09  -2.3127e-10
-4.57748e-13 -2.55814e-11 -1.06555e-11  6.37864e-14 -1.35519e-13  2.50558e-12 -9.91427e-12  -4.6626e-09  1.01834e-10 -2.97982e-12  1.63589e-11  9.03239e-13 -4.00333e-15  1.40625e-05  8.10528e-26  5.95482e-23 -1.57205e-11  1.08893e-12  4.21198e-12  3.80334e-14  1.48723e-11  1.48653e-11   1.6916e-12  1.73668e-13 -1.46047e-13 -2.11346e-15
-4.72985e-18 -3.51859e-18 -6.09789e-18  2.80471e-20  6.40161e-21 -6.10207e-19  8.97653e-18 -1.87521e-15   -1.795e-16 -1.36358e-18 -1.92749e-18  2.34602e-19  2.54003e-23  8.10528e-26  1.40616e-27 -4.56284e-29  1.49162e-18 -1.06765e-18 -4.87475e-18 -1.66812e-20 -7.24433e-18 -6.36123e-19 -3.45727e-19 -2.84042e-19  -7.6372e-20 -3.60666e-21
-2.18892e-15 -9.98703e-16  -2.7515e-15  9.96731e-18  1.95666e-17 -5.23927e-16  4.51903e-15 -1.00446e-12 -1.20765e-13 -5.83727e-16 -1.48505e-15  1.13514e-15  9.14092e-21  5.95482e-23 -4.56284e-29  4.01969e-22  1.59657e-15  -6.5905e-16 -2.52396e-15 -1.02327e-17 -3.75955e-15 -5.29413e-16  -1.8261e-16 -1.87965e-16 -4.52368e-17 -1.52147e-18
-2.59218e-05 -0.000443569  7.37985e-05  1.33709e-06 -5.88571e-06  7.14063e-05 -0.000191854  -0.00327859    0.0160404  1.05695e-05  0.000354141  -0.00159736 -4.72518e-08 -1.57205e-11  1.49162e-18  1.59657e-15     0.030181  0.000181792  0.000122653  1.63957e-06 -8.65335e-05  0.000109238 -0.000125187 -4.72039e-06  2.93353e-06 -1.09544e-07
-0.000179742  2.22904e-05 -0.000609782  1.22449e-06  4.84612e-07 -2.79981e-05  0.000353501   -0.0125453   -0.0141979 -0.000200801  2.70957e-05    0.0026309   9.2249e-08  1.08893e-12 -1.06765e-18  -6.5905e-16  0.000181792    0.0275424 -0.000251433 -4.16915e-07 -0.000344798   1.1947e-05 -1.30816e-05 -1.70223e-05 -2.05905e-06 -5.09981e-08
-0.000252492 -0.000159648 -0.000359494  1.20555e-06 -5.29816e-07 -5.08528e-05  0.000735289   -0.0294963  -0.00473308 -5.98747e-05 -0.000315254  8.89511e-05  2.22705e-08  4.21198e-12 -4.87475e-18 -2.52396e-15  0.000122653 -0.000251433     0.135792  -2.9003e-07 -0.000962698 -4.67734e-05 -3.44325e-05   -2.333e-05 -2.19451e-06 -1.44309e-07
-1.57519e-06  6.87178e-07 -2.66934e-06  6.93277e-09  2.63539e-08 -6.59048e-07  2.56222e-07 -0.000445358 -0.000268061 -8.98368e-07  5.88964e-07  1.11921e-06 -3.35974e-10  3.80334e-14 -1.66812e-20 -1.02327e-17  1.63957e-06 -4.16915e-07  -2.9003e-07   0.00143516 -1.16992e-06 -1.41172e-07 -1.48687e-08  1.46427e-07 -4.68946e-08  -4.5701e-10
-0.000561562 -0.000332959   -0.0003874 -1.69678e-06 -5.15652e-06 -0.000128409   0.00114112     0.310857  -0.00937638  4.71112e-05  -0.00111092 -5.00319e-05 -5.10002e-08  1.48723e-11 -7.24433e-18 -3.75955e-15 -8.65335e-05 -0.000344798 -0.000962698 -1.16992e-06     0.121628 -0.000262503 -0.000158929 -1.56981e-05  2.80976e-06 -2.63636e-07
 6.65724e-05  0.000217195  0.000261552 -1.35704e-06  1.76043e-06 -2.89982e-05  8.83478e-05    0.0526032   0.00237933  8.04983e-05 -0.000318982 -4.35682e-06  3.57581e-08  1.48653e-11 -6.36123e-19 -5.29413e-16  0.000109238   1.1947e-05 -4.67734e-05 -1.41172e-07 -0.000262503    0.0269542 -2.50178e-05 -1.06197e-05  2.43007e-06  5.53724e-08
-9.05561e-06 -9.18455e-07   9.4684e-06 -1.24857e-07 -1.91183e-07  4.02044e-07  5.35959e-05   0.00199221  0.000171491  1.07093e-05 -4.44388e-05  -7.6355e-07 -4.21487e-09   1.6916e-12 -3.45727e-19  -1.8261e-16 -0.000125187 -1.30816e-05 -3.44325e-05 -1.48687e-08 -0.000158929 -2.50178e-05   0.00354596 -1.75276e-06  3.83834e-07 -9.28368e-09
 1.42937e-05 -8.81114e-06   4.9899e-05 -1.75454e-07   5.3608e-07 -4.10699e-06  4.27914e-05  -0.00948337   0.00210029  1.91231e-05 -5.24372e-05  0.000274956  -5.0442e-09  1.73668e-13 -2.84042e-19 -1.87965e-16 -4.72039e-06 -1.70223e-05   -2.333e-05  1.46427e-07 -1.56981e-05 -1.06197e-05 -1.75276e-06   0.00192653  2.35088e-07   3.1669e-09
-8.01247e-06 -1.72138e-06 -2.45199e-05  5.80501e-08  9.26762e-08 -1.72934e-06   3.9734e-06   -0.0036511 -0.000699688 -8.50868e-06  6.14427e-06 -1.43429e-06 -2.81082e-09 -1.46047e-13  -7.6372e-20 -4.52368e-17  2.93353e-06 -2.05905e-06 -2.19451e-06 -4.68946e-08  2.80976e-06  2.43007e-06  3.83834e-07  2.35088e-07  0.000224538 -5.42303e-09
-3.98055e-07 -4.25874e-07 -4.55574e-07  2.83925e-09 -3.06701e-09  9.62161e-09  3.03745e-07 -7.65254e-05  6.22895e-07 -1.16611e-07   2.2435e-07 -2.02245e-07  -2.3127e-10 -2.11346e-15 -3.60666e-21 -1.52147e-18 -1.09544e-07 -5.09981e-08 -1.44309e-07  -4.5701e-10 -2.63636e-07  5.53724e-08 -9.28368e-09   3.1669e-09 -5.42303e-09  3.51513e-06
* row and column names
af_m
af_p
albedo_bg
alpha_m
alpha_p
auf_m
auf_p
den_m
den_p
e_bg
n_m
n_p
pen_s
pen_w
perm_m
perm_p
por_m
por_p
tcd_m
tcd_p
tcs_m
tcs_p
wr_m
wr_p
z_bg
z_s
