    26    26     1
    0.315706 -0.000376215  -0.00041478 -3.24482e-08  3.11833e-08 -6.67282e-05 -0.000156443    -0.125665    -0.271534  -0.00015674  0.000130773 -0.000229527  2.75184e-08  6.93238e-08 -3.99235e-18 -8.18515e-15 -0.000215754 -0.000401601 -0.000102917 -8.85241e-06 -0.000131496  4.73936e-05  1.70973e-05 -1.77382e-05  -2.0408e-06 -3.03065e-07
-0.000376215     0.316706 -0.000153415 -5.04508e-07 -3.64125e-06 -8.63445e-05 -0.000453752    -0.199884    -0.255684  1.00161e-05  -3.7227e-05 -0.000463927 -5.55225e-07  8.39541e-08 -8.55756e-19 -1.18493e-15 -0.000790888 -0.000197755 -5.03536e-05 -3.15615e-06  6.26268e-05  0.000562908  3.34801e-05 -1.98646e-05 -2.86787e-06 -4.65332e-07
 -0.00041478 -0.000153415    0.0393565  4.63488e-06  6.11282e-06 -0.000219911 -0.000165855    -0.369907    -0.312393  -0.00120421   0.00172878 -0.000286092  2.20722e-07  4.83209e-08 -4.11298e-18 -8.74046e-15 -0.000690023  -0.00076622 -4.11173e-05 -3.89232e-06  0.000184523  0.000671956  0.000146889  5.91447e-06 -5.88511e-05 -5.00946e-07
-3.24482e-08 -5.04508e-07  4.63488e-06  4.44656e-07 -3.82115e-09  4.66007e-07  2.02727e-07  0.000563437   0.00010968  1.94119e-06 -7.63548e-06 -1.19581e-06 -1.97051e-10 -2.05503e-11 -5.60774e-21 -2.15833e-17  2.04244e-06  1.79179e-06 -7.14845e-07 -4.43512e-08  -2.6352e-06 -2.83267e-06  -6.4075e-07  -3.1638e-08   7.2658e-08  8.15858e-10
 3.11833e-08 -3.64125e-06  6.11282e-06 -3.82115e-09  6.10544e-06  1.78614e-07 -5.29209e-07   0.00197475   6.8919e-05  2.14147e-06 -8.70414e-07 -1.10617e-05 -2.07375e-09  9.63385e-11  1.42796e-20  6.35962e-17 -1.16707e-06 -5.67299e-07  1.02801e-06  5.08949e-08  2.06432e-06 -1.13803e-06 -2.48411e-07  4.39464e-08  2.38369e-07  5.07409e-11
-6.67282e-05 -8.63445e-05 -0.000219911  4.66007e-07  1.78614e-07     0.068611 -5.09862e-05   -0.0420306   -0.0540045   -7.946e-05  0.000217305 -3.36424e-06 -4.83021e-09 -3.56823e-09 -9.15273e-19 -2.15226e-15 -9.34521e-05 -8.49071e-05 -2.32898e-05  -1.8076e-06 -6.73493e-05  3.92676e-05  1.49496e-05  -5.8778e-06 -5.65788e-06 -1.39675e-07
-0.000156443 -0.000453752 -0.000165855  2.02727e-07 -5.29209e-07 -5.09862e-05    0.0331979   -0.0748789    -0.101589 -5.06157e-05  0.000127269 -0.000101238 -7.56438e-08  3.36506e-08 -3.91552e-19 -1.64811e-15 -0.000222738 -0.000159232 -1.23236e-05 -1.82861e-06 -6.23793e-06  0.000152915  1.73625e-05 -8.19695e-06 -3.14821e-06 -1.90632e-07
   -0.125665    -0.199884    -0.369907  0.000563437   0.00197475   -0.0420306   -0.0748789       225332     -83.9471    -0.104895     0.310476    0.0706253 -0.000395033 -4.51659e-06 -1.54684e-15 -5.48494e-12    -0.235294   -0.0813723   -0.0301428  -0.00577055    0.0851421     0.242929    0.0329494   -0.0111054   -0.0103792 -0.000139909
   -0.271534    -0.255684    -0.312393   0.00010968   6.8919e-05   -0.0540045    -0.101589     -83.9471       113729    -0.115053     0.132957    -0.131533 -3.25816e-05  4.10161e-05 -2.63438e-15 -5.10912e-12    -0.154936    -0.250322   -0.0696718  -0.00532886    -0.108516    0.0519763    0.0136806    -0.010557   -0.0028526 -0.000205809
 -0.00015674  1.00161e-05  -0.00120421  1.94119e-06  2.14147e-06   -7.946e-05 -5.06157e-05    -0.104895    -0.115053    0.0128557  0.000682449 -0.000119043  1.87556e-07  2.48526e-08 -1.50585e-18 -2.46665e-15 -0.000231616 -0.000323494 -3.27562e-06 -3.99344e-07  0.000110532  0.000226541  5.93177e-05    3.418e-06 -2.03541e-05 -1.72128e-07
 0.000130773  -3.7227e-05   0.00172878 -7.63548e-06 -8.70414e-07  0.000217305  0.000127269     0.310476     0.132957  0.000682449     0.259567 -0.000453662  -1.0609e-08  1.45937e-08  1.75261e-19  2.69315e-16  0.000731593  0.000728565 -0.000173158 -6.31021e-06 -0.000680025  -0.00113796 -0.000208036  1.70151e-06     3.01e-05  3.62418e-07
-0.000229527 -0.000463927 -0.000286092 -1.19581e-06 -1.10617e-05 -3.36424e-06 -0.000101238    0.0706253    -0.131533 -0.000119043 -0.000453662    0.0555916 -9.37752e-08  4.99256e-08 -1.11587e-18 -1.75715e-15  -0.00069539   0.00019619  -5.7415e-05 -3.14917e-06  1.45521e-05 -0.000204137 -2.68699e-05   0.00019358  2.83679e-06 -2.02937e-07
 2.75184e-08 -5.55225e-07  2.20722e-07 -1.97051e-10 -2.07375e-09 -4.83021e-09 -7.56438e-08 -0.000395033 -3.25816e-05  1.87556e-07  -1.0609e-08 -9.37752e-08  5.62424e-05  1.68016e-12  1.98963e-22  7.12695e-19 -2.19696e-07  3.95517e-07  3.66482e-08   -3.211e-10 -3.08513e-07  2.84367e-07 -1.85836e-08 -1.58398e-08 -3.48489e-09 -1.14481e-09
 6.93238e-08  8.39541e-08  4.83209e-08 -2.05503e-11  9.63385e-11 -3.56823e-09  3.36506e-08 -4.51659e-06  4.10161e-05  2.48526e-08  1.45937e-08  4.99256e-08  1.68016e-12  1.40625e-05 -1.06367e-23 -9.69672e-20  1.87893e-08  9.16029e-08 -3.03829e-09 -2.17634e-10  7.15402e-09  1.85935e-10  6.98009e-10  1.03796e-10 -7.82565e-10  6.40538e-11
-3.99235e-18 -8.55756e-19 -4.11298e-18 -5.60774e-21  1.42796e-20 -9.15273e-19 -3.91552e-19 -1.54684e-15 -2.63438e-15 -1.50585e-18  1.75261e-19 -1.11587e-18  1.98963e-22 -1.06367e-23  1.40616e-27 -1.29155e-28 -1.79854e-18 -1.75688e-18 -2.44008e-18 -1.46503e-19  -2.2755e-18 -6.07775e-19  1.43131e-19 -2.38689e-19 -3.26575e-20 -1.74284e-21
-8.18515e-15 -1.18493e-15 -8.74046e-15 -2.15833e-17  6.35962e-17 -2.15226e-15 -1.64811e-15 -5.48494e-12 -5.10912e-12 -2.46665e-15  2.69315e-16 -1.75715e-15  7.12695e-19 -9.69672e-20 -1.29155e-28  4.01609e-22 -9.45636e-16 -4.79877e-15 -4.75145e-15  -4.1877e-16 -9.73237e-15 -9.42308e-16  1.63728e-16  -5.4883e-16 -2.35162e-16 -4.25103e-18
-0.000215754 -0.000790888 -0.000690023  2.04244e-06 -1.16707e-06 -9.34521e-05 -0.000222738    -0.235294    -0.154936 -0.000231616  0.000731593  -0.00069539 -2.19696e-07  1.87893e-08 -1.79854e-18 -9.45636e-16    0.0294346   -0.0001057 -3.01339e-06 -1.23845e-06  0.000398323  0.000555885 -2.90825e-05 -1.74427e-05 -1.13755e-05 -2.11529e-07
-0.000401601 -0.000197755  -0.00076622  1.79179e-06 -5.67299e-07 -8.49071e-05 -0.000159232   -0.0813723    -0.250322 -0.000323494  0.000728565   0.00019619  3.95517e-07  9.16029e-08 -1.75688e-18 -4.79877e-15   -0.0001057    0.0265572 -7.65643e-06 -2.50793e-06 -0.000112027  0.000156619   5.2327e-05 -4.35091e-05  6.19733e-07 -2.82206e-07
-0.000102917 -5.03536e-05 -4.11173e-05 -7.14845e-07  1.02801e-06 -2.32898e-05 -1.23236e-05   -0.0301428   -0.0696718 -3.27562e-06 -0.000173158  -5.7415e-05  3.66482e-08 -3.03829e-09 -2.44008e-18 -4.75145e-15 -3.01339e-06 -7.65643e-06     0.136152  -5.7804e-06 -0.000207356 -6.67695e-05 -8.00969e-06 -5.26986e-06 -1.51643e-06 -2.15948e-08
-8.85241e-06 -3.15615e-06 -3.89232e-06 -4.43512e-08  5.08949e-08  -1.8076e-06 -1.82861e-06  -0.00577055  -0.00532886 -3.99344e-07 -6.31021e-06 -3.14917e-06   -3.211e-10 -2.17634e-10 -1.46503e-19  -4.1877e-16 -1.23845e-06 -2.50793e-06  -5.7804e-06   0.00143467 -1.05771e-05 -3.03409e-06 -2.99926e-07 -7.50828e-07 -1.59873e-07 -3.31405e-09
-0.000131496  6.26268e-05  0.000184523  -2.6352e-06  2.06432e-06 -6.73493e-05 -6.23793e-06    0.0851421    -0.108516  0.000110532 -0.000680025  1.45521e-05 -3.08513e-07  7.15402e-09  -2.2755e-18 -9.73237e-15  0.000398323 -0.000112027 -0.000207356 -1.05771e-05     0.125683  -0.00032883 -9.02841e-05 -7.34883e-06  1.89196e-06 -1.37795e-07
 4.73936e-05  0.000562908  0.000671956 -2.83267e-06 -1.13803e-06  3.92676e-05  0.000152915     0.242929    0.0519763  0.000226541  -0.00113796 -0.000204137  2.84367e-07  1.85935e-10 -6.07775e-19 -9.42308e-16  0.000555885  0.000156619 -6.67695e-05 -3.03409e-06  -0.00032883    0.0261819 -0.000115038 -1.64207e-06   1.3028e-05  1.03968e-07
 1.70973e-05  3.34801e-05  0.000146889  -6.4075e-07 -2.48411e-07  1.49496e-05  1.73625e-05    0.0329494    0.0136806  5.93177e-05 -0.000208036 -2.68699e-05 -1.85836e-08  6.98009e-10  1.43131e-19  1.63728e-16 -2.90825e-05   5.2327e-05 -8.00969e-06 -2.99926e-07 -9.02841e-05 -0.000115038   0.00352607  9.51452e-07   2.3871e-06  1.94468e-08
-1.77382e-05 -1.98646e-05  5.91447e-06  -3.1638e-08  4.39464e-08  -5.8778e-06 -8.19695e-06   -0.0111054    -0.010557    3.418e-06  1.70151e-06   0.00019358 -1.58398e-08  1.03796e-10 -2.38689e-19  -5.4883e-16 -1.74427e-05 -4.35091e-05 -5.26986e-06 -7.50828e-07 -7.34883e-06 -1.64207e-06  9.51452e-07   0.00192778  2.14496e-07 -1.33067e-08
 -2.0408e-06 -2.86787e-06 -5.88511e-05   7.2658e-08  2.38369e-07 -5.65788e-06 -3.14821e-06   -0.0103792   -0.0028526 -2.03541e-05     3.01e-05  2.83679e-06 -3.48489e-09 -7.82565e-10 -3.26575e-20 -2.35162e-16 -1.13755e-05  6.19733e-07 -1.51643e-06 -1.59873e-07  1.89196e-06   1.3028e-05   2.3871e-06  2.14496e-07  0.000223222  -1.1012e-08
-3.03065e-07 -4.65332e-07 -5.00946e-07  8.15858e-10  5.07409e-11 -1.39675e-07 -1.90632e-07 -0.000139909 -0.000205809 -1.72128e-07  3.62418e-07 -2.02937e-07 -1.14481e-09  6.40538e-11 -1.74284e-21 -4.25103e-18 -2.11529e-07 -2.82206e-07 -2.15948e-08 -3.31405e-09 -1.37795e-07  1.03968e-07  1.94468e-08 -1.33067e-08  -1.1012e-08  3.51489e-06
* row and column names
af_m
af_p
albedo_bg
alpha_m
alpha_p
auf_m
auf_p
den_m
den_p
e_bg
n_m
n_p
pen_s
pen_w
perm_m
perm_p
por_m
por_p
tcd_m
tcd_p
tcs_m
tcs_p
wr_m
wr_p
z_bg
z_s
