    26    26     1
    0.315746 -0.000332302  0.000198655  3.64625e-07   5.2054e-06 -0.000123593 -6.41719e-05    -0.165972    -0.153442  5.52869e-05 -0.000277739  7.53103e-06 -1.14782e-06  4.54371e-10  -4.8022e-18 -2.45468e-15 -0.000123142   3.2586e-05 -0.000224023  -7.3091e-06  -0.00055346 -7.48785e-05 -4.31303e-05 -3.22062e-05 -1.44808e-06 -2.87075e-07
-0.000332302     0.317411   0.00056792  5.11679e-07  1.98937e-06 -5.48442e-05 -0.000196641    -0.294304    -0.237729  0.000231113 -0.000207457 -0.000199203 -1.19781e-06 -1.32162e-08 -4.32135e-18 -9.69767e-16 -0.000424766  0.000206349 -0.000196312 -8.41685e-06 -0.000549516  9.31294e-05 -4.29727e-05 -5.01351e-05  6.94347e-06 -2.45495e-07
 0.000198655   0.00056792     0.040163  4.49261e-06 -8.21401e-07 -8.92807e-05  5.16391e-05    -0.043853    0.0486124 -0.000856408   0.00103796 -0.000261555  6.09539e-07  2.17689e-08  4.39052e-18  3.27247e-15 -0.000144786 -0.000509186   8.1216e-05  4.43708e-06   0.00122393  0.000337932  0.000134366  3.12334e-05  -3.9839e-05  1.90078e-07
 3.64625e-07  5.11679e-07  4.49261e-06  4.45559e-07 -5.30524e-09  6.01792e-07  1.25113e-07   0.00112667  0.000515592  1.46943e-06 -4.00381e-06  9.59644e-08  1.06962e-09 -7.04984e-11 -2.60409e-21  -1.0039e-17  1.95409e-06   7.9517e-07   3.1089e-07  3.69981e-09 -4.27682e-06  -1.3939e-06 -4.29748e-07  4.17954e-08  7.92824e-08   1.0046e-10
  5.2054e-06  1.98937e-06 -8.21401e-07 -5.30524e-09  6.02963e-06   2.3307e-06  9.49158e-07    0.0032508   0.00250216  3.29152e-07  4.69286e-06 -1.41362e-05   1.5519e-08 -1.06882e-10  1.08395e-19  6.83547e-17 -1.13873e-06 -2.62008e-07  3.55978e-06  9.96111e-08   7.0622e-06  1.12042e-06  7.26322e-07  6.90697e-07  1.70411e-07  3.93511e-09
-0.000123593 -5.48442e-05 -8.92807e-05  6.01792e-07   2.3307e-06     0.068599  2.66933e-07   -0.0575789    -0.065251 -3.43519e-05  -2.7526e-06  5.90976e-05 -2.83204e-07  3.69959e-09 -1.16179e-18 -5.84744e-16 -7.92998e-06 -2.78817e-05   -0.0001113 -1.76305e-06 -0.000266967 -1.11941e-05 -5.42105e-06 -1.12801e-05 -4.27471e-06 -7.59975e-08
-6.41719e-05 -0.000196641  5.16391e-05  1.25113e-07  9.49158e-07  2.66933e-07    0.0332445   -0.0653095   -0.0350598  2.37922e-05 -2.16083e-05 -5.46627e-05 -3.23517e-07 -2.61128e-09 -1.90337e-18 -8.16131e-16 -9.44391e-05   3.2265e-05 -1.21787e-05 -1.92657e-06 -1.23433e-05  3.54535e-05 -3.85452e-06 -7.47402e-06 -1.80103e-07 -6.21779e-08
   -0.165972    -0.294304    -0.043853   0.00112667    0.0032508   -0.0575789   -0.0653095       225357      -117.72   -0.0109461    0.0818265    0.0501647 -0.000736766  1.14307e-06 -2.38868e-15 -8.92712e-13    -0.139983     0.030089   -0.0930868  -0.00380054     0.172169    0.0523249  -0.00844628   -0.0225118  -0.00490951 -0.000161217
   -0.153442    -0.237729    0.0486124  0.000515592   0.00250216    -0.065251   -0.0350598      -117.72       113796    0.0171569   -0.0432847  -0.00356075 -0.000490047 -5.54418e-07 -1.99143e-15 -7.80859e-13   -0.0611038    0.0122448    -0.120349  -0.00329994    -0.249919   -0.0136306   -0.0177334   -0.0198885    -0.002031 -9.90114e-05
 5.52869e-05  0.000231113 -0.000856408  1.46943e-06  3.29152e-07 -3.43519e-05  2.37922e-05   -0.0109461    0.0171569    0.0129983  0.000327971 -0.000153395   2.1426e-07   8.6227e-09  1.21837e-18  7.98174e-16  -3.3598e-05 -0.000267432  2.43431e-05  1.36018e-06  0.000466055  0.000106513  4.73231e-05  1.00346e-05 -1.43636e-05  7.50326e-08
-0.000277739 -0.000207457   0.00103796 -4.00381e-06  4.69286e-06  -2.7526e-06 -2.16083e-05    0.0818265   -0.0432847  0.000327971     0.261278 -0.000234722  -6.9231e-07 -1.50635e-08 -5.20929e-18 -4.81485e-15  0.000240916  0.000295811 -0.000161598  -5.8021e-06  -0.00137076 -0.000434007 -0.000119763 -2.74922e-05  1.39665e-05 -2.38907e-07
 7.53103e-06 -0.000199203 -0.000261555  9.59644e-08 -1.41362e-05  5.90976e-05 -5.46627e-05    0.0501647  -0.00356075 -0.000153395 -0.000234722    0.0299746 -4.76017e-08 -1.58466e-08 -4.34818e-19  3.98887e-17  -0.00192601   0.00228276  2.13956e-05 -1.85728e-06  0.000284952 -7.65223e-05 -4.25278e-06  0.000244175  -1.1211e-07 -7.02371e-08
-1.14782e-06 -1.19781e-06  6.09539e-07  1.06962e-09   1.5519e-08 -2.83204e-07 -3.23517e-07 -0.000736766 -0.000490047   2.1426e-07  -6.9231e-07 -4.76017e-08  5.62427e-05 -3.31363e-12 -1.58439e-20  -8.0095e-18   -5.066e-07  1.97421e-07 -5.14289e-07 -2.48926e-08  -1.3346e-06 -6.63695e-08 -1.27074e-07 -9.60045e-08 -1.28379e-08 -1.51532e-09
 4.54371e-10 -1.32162e-08  2.17689e-08 -7.04984e-11 -1.06882e-10  3.69959e-09 -2.61128e-09  1.14307e-06 -5.54418e-07   8.6227e-09 -1.50635e-08 -1.58466e-08 -3.31363e-12  1.40625e-05 -1.58833e-23 -5.83259e-21 -5.93992e-09  9.61483e-09  6.15812e-10 -7.96699e-11 -1.23378e-08 -4.36744e-09 -1.75544e-09 -4.36981e-10  4.75307e-10 -1.26714e-12
 -4.8022e-18 -4.32135e-18  4.39052e-18 -2.60409e-21  1.08395e-19 -1.16179e-18 -1.90337e-18 -2.38868e-15 -1.99143e-15  1.21837e-18 -5.20929e-18 -4.34818e-19 -1.58439e-20 -1.58833e-23  1.40614e-27 -6.00978e-29 -8.74392e-19  1.23694e-18 -2.42207e-18 -9.87779e-20 -6.71491e-18 -1.66007e-18 -8.69277e-19 -4.48654e-19 -1.48843e-20 -3.72534e-21
-2.45468e-15 -9.69767e-16  3.27247e-15  -1.0039e-17  6.83547e-17 -5.84744e-16 -8.16131e-16 -8.92712e-13 -7.80859e-13  7.98174e-16 -4.81485e-15  3.98887e-17  -8.0095e-18 -5.83259e-21 -6.00978e-29  4.01945e-22  9.24972e-16   1.1994e-15 -1.23635e-15 -4.90628e-17 -4.63377e-15 -1.51647e-15 -5.95533e-16 -2.16661e-16 -1.02498e-17 -2.08957e-18
-0.000123142 -0.000424766 -0.000144786  1.95409e-06 -1.13873e-06 -7.92998e-06 -9.44391e-05    -0.139983   -0.0611038  -3.3598e-05  0.000240916  -0.00192601   -5.066e-07 -5.93992e-09 -8.74392e-19  9.24972e-16    0.0300232  8.24869e-05  -9.6132e-06  -3.1728e-06  0.000304948  0.000149655 -9.92911e-05 -2.42218e-05  1.12627e-06 -9.07889e-08
  3.2586e-05  0.000206349 -0.000509186   7.9517e-07 -2.62008e-07 -2.78817e-05   3.2265e-05     0.030089    0.0122448 -0.000267432  0.000295811   0.00228276  1.97421e-07  9.61483e-09  1.23694e-18   1.1994e-15  8.24869e-05      0.02725  1.30288e-05  1.21343e-06  0.000146925  2.96654e-05  2.91859e-05 -9.19187e-06 -5.53099e-07  1.08298e-07
-0.000224023 -0.000196312   8.1216e-05   3.1089e-07  3.55978e-06   -0.0001113 -1.21787e-05   -0.0930868    -0.120349  2.43431e-05 -0.000161598  2.13956e-05 -5.14289e-07  6.15812e-10 -2.42207e-18 -1.23635e-15  -9.6132e-06  1.30288e-05     0.136067 -3.78481e-06 -0.000567359 -7.96485e-05 -3.20609e-05 -2.39244e-05 -2.39404e-06 -1.32711e-07
 -7.3091e-06 -8.41685e-06  4.43708e-06  3.69981e-09  9.96111e-08 -1.76305e-06 -1.92657e-06  -0.00380054  -0.00329994  1.36018e-06  -5.8021e-06 -1.85728e-06 -2.48926e-08 -7.96699e-11 -9.87779e-20 -4.90628e-17  -3.1728e-06  1.21343e-06 -3.78481e-06   0.00143502 -8.72298e-06 -1.16696e-06 -8.99209e-07 -6.85805e-07 -2.03745e-08 -5.94783e-09
 -0.00055346 -0.000549516   0.00122393 -4.27682e-06   7.0622e-06 -0.000266967 -1.23433e-05     0.172169    -0.249919  0.000466055  -0.00137076  0.000284952  -1.3346e-06 -1.23378e-08 -6.71491e-18 -4.63377e-15  0.000304948  0.000146925 -0.000567359 -8.72298e-06     0.122396 -0.000536225 -0.000227899 -5.08964e-05  1.17329e-05 -3.28875e-07
-7.48785e-05  9.31294e-05  0.000337932  -1.3939e-06  1.12042e-06 -1.11941e-05  3.54535e-05    0.0523249   -0.0136306  0.000106513 -0.000434007 -7.65223e-05 -6.63695e-08 -4.36744e-09 -1.66007e-18 -1.51647e-15  0.000149655  2.96654e-05 -7.96485e-05 -1.16696e-06 -0.000536225    0.0268864 -5.85829e-05 -6.16393e-06  4.74768e-06 -4.92996e-08
-4.31303e-05 -4.29727e-05  0.000134366 -4.29748e-07  7.26322e-07 -5.42105e-06 -3.85452e-06  -0.00844628   -0.0177334  4.73231e-05 -0.000119763 -4.25278e-06 -1.27074e-07 -1.75544e-09 -8.69277e-19 -5.95533e-16 -9.92911e-05  2.91859e-05 -3.20609e-05 -8.99209e-07 -0.000227899 -5.85829e-05   0.00353067 -4.70689e-06  1.52338e-06 -3.50022e-08
-3.22062e-05 -5.01351e-05  3.12334e-05  4.17954e-08  6.90697e-07 -1.12801e-05 -7.47402e-06   -0.0225118   -0.0198885  1.00346e-05 -2.74922e-05  0.000244175 -9.60045e-08 -4.36981e-10 -4.48654e-19 -2.16661e-16 -2.42218e-05 -9.19187e-06 -2.39244e-05 -6.85805e-07 -5.08964e-05 -6.16393e-06 -4.70689e-06   0.00192911 -5.61961e-08 -2.42228e-08
-1.44808e-06  6.94347e-06  -3.9839e-05  7.92824e-08  1.70411e-07 -4.27471e-06 -1.80103e-07  -0.00490951    -0.002031 -1.43636e-05  1.39665e-05  -1.1211e-07 -1.28379e-08  4.75307e-10 -1.48843e-20 -1.02498e-17  1.12627e-06 -5.53099e-07 -2.39404e-06 -2.03745e-08  1.17329e-05  4.74768e-06  1.52338e-06 -5.61961e-08  0.000223964 -3.75156e-09
-2.87075e-07 -2.45495e-07  1.90078e-07   1.0046e-10  3.93511e-09 -7.59975e-08 -6.21779e-08 -0.000161217 -9.90114e-05  7.50326e-08 -2.38907e-07 -7.02371e-08 -1.51532e-09 -1.26714e-12 -3.72534e-21 -2.08957e-18 -9.07889e-08  1.08298e-07 -1.32711e-07 -5.94783e-09 -3.28875e-07 -4.92996e-08 -3.50022e-08 -2.42228e-08 -3.75156e-09  3.51512e-06
* row and column names
af_m
af_p
albedo_bg
alpha_m
alpha_p
auf_m
auf_p
den_m
den_p
e_bg
n_m
n_p
pen_s
pen_w
perm_m
perm_p
por_m
por_p
tcd_m
tcd_p
tcs_m
tcs_p
wr_m
wr_p
z_bg
z_s
