    26    26     1
    0.315456  0.000157263  0.000307469 -1.08503e-06  -1.5948e-06 -2.79553e-05  3.01443e-05      0.12561    -0.034984  0.000175952  -0.00119142 -9.59484e-05 -2.31234e-07  4.20292e-10 -7.98917e-18 -2.17522e-14 -1.01176e-05  0.000341011  2.81974e-05 -4.01031e-06  0.000100996 -0.000354537 -7.64945e-05 -3.13159e-05  3.44106e-06  1.11928e-07
 0.000157263     0.315245   0.00012226  6.80808e-09  -4.2526e-06  2.08298e-05 -0.000553768    -0.341366  0.000462214  0.000159539 -0.000103165 -0.000182691 -6.46626e-07 -1.77176e-10  1.02153e-17  8.35068e-15 -0.000602432 -8.58692e-05 -5.35299e-05  2.42933e-05  5.96803e-05   0.00155094  6.65195e-05  1.45139e-06 -1.11006e-05 -1.46201e-07
 0.000307469   0.00012226    0.0358809  3.22236e-06  7.91981e-06  1.79064e-05 -0.000262666    -0.727319     0.021268  -0.00220666   0.00448028    0.0015139  5.91834e-07 -2.38518e-09 -7.78265e-18  2.28217e-15  -0.00200434  -0.00115969  2.34127e-06  1.38879e-05  -0.00038494   0.00101469  0.000286567  0.000159273 -7.65037e-05   3.8558e-08
-1.08503e-06  6.80808e-09  3.22236e-06  4.56183e-07 -9.60552e-10   -2.275e-08  3.60466e-07   0.00111937 -3.86439e-05  1.12458e-06 -1.41024e-05 -2.84626e-07 -4.31579e-10  4.55688e-12 -1.16665e-20 -3.08297e-17  1.44414e-06  1.61527e-06 -1.87074e-07 -2.87039e-08  1.37167e-07 -3.05169e-06 -1.02681e-06 -2.94727e-08  5.38434e-08  4.21042e-11
 -1.5948e-06  -4.2526e-06  7.91981e-06 -9.60552e-10  5.98146e-06  1.02383e-07  4.90488e-08  -0.00290725 -9.19549e-05  3.78322e-06  9.92102e-06 -2.17163e-05 -5.68548e-09  5.75166e-12 -3.38082e-19 -5.44532e-17  8.28864e-07 -3.23348e-06  1.18506e-06  3.73712e-08  4.59516e-07 -2.28594e-06 -6.49505e-07 -1.40236e-06 -1.05685e-08 -1.13958e-09
-2.79553e-05  2.08298e-05  1.79064e-05   -2.275e-08  1.02383e-07    0.0686835  1.95474e-06   0.00853431  -0.00287577  7.04958e-06  -3.5417e-05 -3.72965e-06 -1.11083e-08   1.2229e-11 -2.07711e-19 -7.32944e-16  7.29169e-06  2.26171e-05   2.0473e-07  -1.6048e-07  7.69196e-06 -1.85499e-05 -1.49483e-06  -2.2752e-06  1.95176e-07  1.24443e-08
 3.01443e-05 -0.000553768 -0.000262666  3.60466e-07  4.90488e-08  1.95474e-06    0.0331942    -0.144198  -0.00174677 -5.91084e-05  0.000337855  6.71009e-05 -4.15324e-08 -3.68138e-10  1.94519e-18  6.45628e-16 -0.000240992  -0.00014091 -3.11366e-06  6.13643e-06 -3.97726e-06  0.000343066  4.23643e-05   6.5243e-06 -7.74573e-06 -1.09675e-08
     0.12561    -0.341366    -0.727319   0.00111937  -0.00290725   0.00853431    -0.144198       225126      6.97286    -0.205831      1.75028    -0.108454 -0.000275436   -8.561e-07 -9.57066e-15  5.09402e-13    -0.337081    -0.397785     0.046612   0.00708472    -0.115826     0.364583    0.0776775   0.00365685   -0.0228497  -5.7926e-05
   -0.034984  0.000462214     0.021268 -3.86439e-05 -9.19549e-05  -0.00287577  -0.00174677      6.97286       113902    0.0110119   -0.0648105   -0.0161799  -3.2874e-05  2.30247e-08 -1.27413e-16 -9.69845e-13   0.00161073    0.0220508   0.00101023 -8.98926e-07   0.00770717   -0.0147317  -0.00270051  -0.00312877  0.000205723  1.34697e-05
 0.000175952  0.000159539  -0.00220666  1.12458e-06  3.78322e-06  7.04958e-06 -5.91084e-05    -0.205831    0.0110119    0.0125028   0.00138634  0.000554301   2.6995e-07 -6.89185e-10  4.75917e-19  3.71044e-15 -0.000475132 -0.000363066 -1.13253e-05  3.08274e-06 -0.000126745  0.000248958  9.06986e-05  5.14116e-05 -2.40505e-05  2.83596e-08
 -0.00119142 -0.000103165   0.00448028 -1.41024e-05  9.92102e-06  -3.5417e-05  0.000337855      1.75028   -0.0648105   0.00138634     0.227552  0.000448206 -3.86568e-07  4.36717e-09  3.87765e-17 -2.65196e-14   0.00137724   0.00280698 -0.000222635 -3.07428e-05  0.000324373  -0.00437544  -0.00121189 -2.05061e-05  8.08972e-05  8.46889e-08
-9.59484e-05 -0.000182691    0.0015139 -2.84626e-07 -2.17163e-05 -3.72965e-06  6.71009e-05    -0.108454   -0.0161799  0.000554301  0.000448206     0.062537 -9.90288e-07   6.4144e-10 -1.86459e-17    1.877e-15  0.000310245 -7.52918e-07  0.000137487  6.03965e-07  0.000112905 -0.000717271 -8.23908e-05 -0.000179212   1.5812e-05 -1.36671e-07
-2.31234e-07 -6.46626e-07  5.91834e-07 -4.31579e-10 -5.68548e-09 -1.11083e-08 -4.15324e-08 -0.000275436  -3.2874e-05   2.6995e-07 -3.86568e-07 -9.90288e-07  5.62354e-05  5.12588e-13 -2.82643e-21 -3.44015e-18 -7.87144e-08  4.00327e-07 -5.13208e-08 -2.75202e-09 -3.93638e-07 -1.03464e-07 -5.56175e-08 -9.29891e-08  -2.9985e-08  -1.1718e-09
 4.20292e-10 -1.77176e-10 -2.38518e-09  4.55688e-12  5.75166e-12   1.2229e-11 -3.68138e-10   -8.561e-07  2.30247e-08 -6.89185e-10  4.36717e-09   6.4144e-10  5.12588e-13  1.40625e-05 -4.46431e-24  6.18202e-21 -1.68899e-09  -1.1229e-09  1.84463e-10   2.8216e-11  1.37975e-10  1.15552e-09  4.21841e-10  8.16072e-11 -4.92116e-11 -6.31347e-15
-7.98917e-18  1.02153e-17 -7.78265e-18 -1.16665e-20 -3.38082e-19 -2.07711e-19  1.94519e-18 -9.57066e-15 -1.27413e-16  4.75917e-19  3.87765e-17 -1.86459e-17 -2.82643e-21 -4.46431e-24   1.4047e-27 -3.58445e-28  -3.3061e-18  1.77892e-18  1.61846e-18 -1.64513e-20  1.69636e-18 -8.89837e-18 -2.05731e-18 -1.11635e-18 -5.19238e-19  8.76168e-22
-2.17522e-14  8.35068e-15  2.28217e-15 -3.08297e-17 -5.44532e-17 -7.32944e-16  6.45628e-16  5.09402e-13 -9.69845e-13  3.71044e-15 -2.65196e-14    1.877e-15 -3.44015e-18  6.18202e-21 -3.58445e-28  4.00884e-22 -2.77071e-15  7.89172e-15  3.94871e-16 -1.42614e-16 -3.46779e-15  -1.0407e-14 -2.18319e-15 -8.23332e-16 -5.46669e-17  2.84605e-18
-1.01176e-05 -0.000602432  -0.00200434  1.44414e-06  8.28864e-07  7.29169e-06 -0.000240992    -0.337081   0.00161073 -0.000475132   0.00137724  0.000310245 -7.87144e-08 -1.68899e-09  -3.3061e-18 -2.77071e-15     0.028564 -0.000449979  6.73604e-05  9.61117e-06 -4.32564e-05  0.000867551  5.46092e-05  2.76663e-05 -1.72647e-05 -4.36366e-08
 0.000341011 -8.58692e-05  -0.00115969  1.61527e-06 -3.23348e-06  2.26171e-05  -0.00014091    -0.397785    0.0220508 -0.000363066   0.00280698 -7.52918e-07  4.00327e-07  -1.1229e-09  1.77892e-18  7.89172e-15 -0.000449979    0.0263898  1.72059e-05   7.2557e-06 -0.000261075  0.000331584    0.0001098 -3.60565e-05 -1.56238e-05 -3.36948e-08
 2.81974e-05 -5.35299e-05  2.34127e-06 -1.87074e-07  1.18506e-06   2.0473e-07 -3.11366e-06     0.046612   0.00101023 -1.13253e-05 -0.000222635  0.000137487 -5.13208e-08  1.84463e-10  1.61846e-18  3.94871e-16  6.73604e-05  1.72059e-05     0.136202 -1.02894e-06 -6.29054e-05  1.58721e-05 -1.47371e-05  1.21435e-05  1.12414e-07  1.20206e-08
-4.01031e-06  2.42933e-05  1.38879e-05 -2.87039e-08  3.73712e-08  -1.6048e-07  6.13643e-06   0.00708472 -8.98926e-07  3.08274e-06 -3.07428e-05  6.03965e-07 -2.75202e-09   2.8216e-11 -1.64513e-20 -1.42614e-16  9.61117e-06   7.2557e-06 -1.02894e-06   0.00143476 -2.05909e-06 -1.83312e-05 -2.87216e-06 -4.60525e-07  3.98381e-07  6.39353e-10
 0.000100996  5.96803e-05  -0.00038494  1.37167e-07  4.59516e-07  7.69196e-06 -3.97726e-06    -0.115826   0.00770717 -0.000126745  0.000324373  0.000112905 -3.93638e-07  1.37975e-10  1.69636e-18 -3.46779e-15 -4.32564e-05 -0.000261075 -6.29054e-05 -2.05909e-06      0.12673  0.000156474 -9.42498e-06  1.10428e-05 -6.79706e-06 -9.51915e-08
-0.000354537   0.00155094   0.00101469 -3.05169e-06 -2.28594e-06 -1.85499e-05  0.000343066     0.364583   -0.0147317  0.000248958  -0.00437544 -0.000717271 -1.03464e-07  1.15552e-09 -8.89837e-18  -1.0407e-14  0.000867551  0.000331584  1.58721e-05 -1.83312e-05  0.000156474    0.0246232  -0.00032023 -8.49133e-05  1.65138e-05   9.8033e-08
-7.64945e-05  6.65195e-05  0.000286567 -1.02681e-06 -6.49505e-07 -1.49483e-06  4.23643e-05    0.0776775  -0.00270051  9.06986e-05  -0.00121189 -8.23908e-05 -5.56175e-08  4.21841e-10 -2.05731e-18 -2.18319e-15  5.46092e-05    0.0001098 -1.47371e-05 -2.87216e-06 -9.42498e-06  -0.00032023   0.00343664 -5.83402e-06  3.88885e-06  9.34344e-10
-3.13159e-05  1.45139e-06  0.000159273 -2.94727e-08 -1.40236e-06  -2.2752e-06   6.5243e-06   0.00365685  -0.00312877  5.14116e-05 -2.05061e-05 -0.000179212 -9.29891e-08  8.16072e-11 -1.11635e-18 -8.23332e-16  2.76663e-05 -3.60565e-05  1.21435e-05 -4.60525e-07  1.10428e-05 -8.49133e-05 -5.83402e-06   0.00189934  1.86307e-06 -6.01394e-10
 3.44106e-06 -1.11006e-05 -7.65037e-05  5.38434e-08 -1.05685e-08  1.95176e-07 -7.74573e-06   -0.0228497  0.000205723 -2.40505e-05  8.08972e-05   1.5812e-05  -2.9985e-08 -4.92116e-11 -5.19238e-19 -5.46669e-17 -1.72647e-05 -1.56238e-05  1.12414e-07  3.98381e-07 -6.79706e-06  1.65138e-05  3.88885e-06  1.86307e-06  0.000223076 -3.18726e-09
 1.11928e-07 -1.46201e-07   3.8558e-08  4.21042e-11 -1.13958e-09  1.24443e-08 -1.09675e-08  -5.7926e-05  1.34697e-05  2.83596e-08  8.46889e-08 -1.36671e-07  -1.1718e-09 -6.31347e-15  8.76168e-22  2.84605e-18 -4.36366e-08 -3.36948e-08  1.20206e-08  6.39353e-10 -9.51915e-08   9.8033e-08  9.34344e-10 -6.01394e-10 -3.18726e-09  3.51522e-06
* row and column names
af_m
af_p
albedo_bg
alpha_m
alpha_p
auf_m
auf_p
den_m
den_p
e_bg
n_m
n_p
pen_s
pen_w
perm_m
perm_p
por_m
por_p
tcd_m
tcd_p
tcs_m
tcs_p
wr_m
wr_p
z_bg
z_s
