    26    26     1
    0.315955  -7.2091e-05  0.000291425 -4.86738e-07 -4.16898e-07 -4.13931e-05 -6.98979e-06    0.0151813   -0.0294726  0.000110644 -0.000396495 -0.000130466 -3.86564e-07 -1.70822e-08 -7.39164e-19 -5.14725e-15  4.31254e-05  8.43543e-05 -5.89048e-05 -5.46106e-06  8.72534e-05   -0.0001888 -3.35961e-05 -3.02848e-05  2.27926e-06 -4.94582e-08
 -7.2091e-05      0.31506 -0.000425895 -5.07286e-08 -2.00447e-06 -7.69237e-05 -0.000539342    -0.645044    -0.217968  1.09858e-05  -0.00014703 -0.000680698 -4.07055e-07  4.43092e-08  9.57286e-18  8.27227e-16 -0.000669463 -1.72551e-05 -0.000139334  -7.6172e-06 -0.000282245   0.00112633  2.40785e-05 -4.93659e-05 -3.50029e-05  2.73347e-08
 0.000291425 -0.000425895    0.0382294  3.54324e-06  1.64884e-05 -7.18178e-06 -0.000196706    -0.891313    -0.109308  -0.00153133    0.0041638  0.000595701  5.37037e-07 -1.32696e-07  2.61691e-18 -2.48796e-16 -3.15908e-05 -0.000517102 -6.49751e-07 -3.88588e-06 -0.000443792  0.000942838    0.0002236  0.000123671 -9.09293e-05  3.42385e-07
-4.86738e-07 -5.07286e-08  3.54324e-06  4.50566e-07 -8.93964e-09 -1.18965e-08   4.3824e-07   0.00172064   0.00037756  1.34374e-06 -1.77235e-05 -1.28327e-06 -6.49196e-10  9.34913e-11 -4.48238e-20 -5.22769e-17 -4.32959e-08  1.46519e-06 -4.47897e-07 -1.90924e-08  4.48394e-07 -3.23483e-06 -9.65047e-07 -1.67145e-07  7.49158e-08 -1.29068e-10
-4.16898e-07 -2.00447e-06  1.64884e-05 -8.93964e-09  6.00716e-06  3.39563e-07   2.7428e-07   0.00271809  0.000346931  6.11326e-06 -1.53791e-05 -1.18874e-05 -1.20455e-09  3.08338e-09  5.46486e-20  1.71078e-16 -3.66567e-06  2.68577e-06  5.21789e-07  9.15337e-08  2.75512e-06 -1.80837e-06 -6.46966e-07 -4.45046e-07  4.72197e-07 -2.00713e-09
-4.13931e-05 -7.69237e-05 -7.18178e-06 -1.18965e-08  3.39563e-07    0.0686598  -2.0411e-05   -0.0252421   -0.0134614    6.647e-06  6.53891e-05 -3.10931e-05 -1.48372e-07 -1.12968e-08  2.59907e-19 -6.67103e-16  1.33157e-05  2.21681e-06 -4.54139e-05 -1.36269e-06 -3.17408e-05 -2.50245e-05 -4.54756e-06 -7.42962e-06  -3.3142e-06 -5.92962e-10
-6.98979e-06 -0.000539342 -0.000196706   4.3824e-07   2.7428e-07  -2.0411e-05    0.0332153     -0.19272   -0.0618541 -3.25307e-05  0.000380576 -5.59847e-05 -8.80501e-08 -8.77008e-09  2.24683e-18 -1.47471e-15 -0.000133752  -4.8208e-05 -1.34372e-05  1.58011e-06 -7.65082e-05  0.000271412  2.93347e-05 -1.34094e-06 -8.43337e-06  1.31807e-08
   0.0151813    -0.645044    -0.891313   0.00172064   0.00271809   -0.0252421     -0.19272       224893     -210.895    -0.222383      1.71588    -0.158825  -0.00017224 -2.79878e-05  6.02726e-15 -5.05226e-12    -0.027067    -0.127921    0.0335586  -0.00955262     -0.27642     0.310646    0.0829531  0.000599844   -0.0298741  1.67222e-05
  -0.0294726    -0.217968    -0.109308   0.00037756  0.000346931   -0.0134614   -0.0618541     -210.895       113777  -0.00149551     0.400116    -0.174966 -0.000114453 -5.18619e-05   2.8515e-15 -6.00881e-12    0.0712197   -0.0260427   -0.0128999  -0.00659761    -0.155471   -0.0619649   0.00681362   -0.0164233  -0.00708985 -1.68694e-05
 0.000110644  1.09858e-05  -0.00153133  1.34374e-06  6.11326e-06    6.647e-06 -3.25307e-05    -0.222383  -0.00149551    0.0127431   0.00167932  0.000273644  2.49147e-07  -3.7657e-08 -1.28371e-19  1.68854e-15 -1.20944e-05 -0.000223202  2.11184e-05 -8.18497e-07  -8.3033e-05  0.000357622  9.11327e-05  5.07068e-05  -2.8574e-05  1.30076e-07
-0.000396495  -0.00014703    0.0041638 -1.77235e-05 -1.53791e-05  6.53891e-05  0.000380576      1.71588     0.400116   0.00167932     0.235966  -0.00147058 -1.03972e-07  1.78828e-07 -5.40776e-17 -7.11931e-14 -0.000763864   0.00204611 -0.000321779  8.75303e-06  0.000923348  -0.00356057  -0.00085778 -0.000159954   9.1203e-05 -4.81672e-08
-0.000130466 -0.000680698  0.000595701 -1.28327e-06 -1.18874e-05 -3.10931e-05 -5.59847e-05    -0.158825    -0.174966  0.000273644  -0.00147058    0.0626917  -5.2551e-07  9.15866e-08  3.84421e-18 -8.50153e-15 -0.000162757 -0.000317161 -6.83938e-05 -2.17686e-05  -0.00019194 -0.000613182 -0.000111106  -1.1347e-05  6.34892e-06 -1.91838e-07
-3.86564e-07 -4.07055e-07  5.37037e-07 -6.49196e-10 -1.20455e-09 -1.48372e-07 -8.80501e-08  -0.00017224 -0.000114453  2.49147e-07 -1.03972e-07  -5.2551e-07  5.62447e-05 -3.25231e-10 -2.30427e-21  -1.4662e-17  1.09631e-08  1.80398e-07 -2.56725e-07 -1.33762e-08 -3.78322e-07 -2.18343e-07 -6.95828e-08 -9.49317e-08 -2.17526e-09 -7.23876e-10
-1.70822e-08  4.43092e-08 -1.32696e-07  9.34913e-11  3.08338e-09 -1.12968e-08 -8.77008e-09 -2.79878e-05 -5.18619e-05  -3.7657e-08  1.78828e-07  9.15866e-08 -3.25231e-10  1.40618e-05 -2.92403e-22 -5.63631e-18   1.0773e-07 -6.35471e-08 -3.78693e-08 -1.83732e-09 -7.42778e-08 -7.12396e-08 -8.52117e-10 -3.63585e-09  -5.3493e-09 -2.21749e-11
-7.39164e-19  9.57286e-18  2.61691e-18 -4.48238e-20  5.46486e-20  2.59907e-19  2.24683e-18  6.02726e-15   2.8515e-15 -1.28371e-19 -5.40776e-17  3.84421e-18 -2.30427e-21 -2.92403e-22  1.40559e-27 -5.95469e-28 -6.30177e-18  6.39027e-18 -7.21411e-19  4.76804e-20  1.05845e-17 -7.94167e-19 -4.96358e-19  -7.2211e-20   1.5966e-19  4.83845e-22
-5.14725e-15  8.27227e-16 -2.48796e-16 -5.22769e-17  1.71078e-16 -6.67103e-16 -1.47471e-15 -5.05226e-12 -6.00881e-12  1.68854e-15 -7.11931e-14 -8.50153e-15  -1.4662e-17 -5.63631e-18 -5.95469e-28  3.99852e-22  2.21431e-15  2.09687e-15 -1.37602e-15 -5.58341e-16 -4.47255e-15  -1.2759e-14 -1.33002e-15  -1.2883e-15 -1.28414e-16 -2.22152e-18
 4.31254e-05 -0.000669463 -3.15908e-05 -4.32959e-08 -3.66567e-06  1.33157e-05 -0.000133752    -0.027067    0.0712197 -1.20944e-05 -0.000763864 -0.000162757  1.09631e-08   1.0773e-07 -6.30177e-18  2.21431e-15    0.0297393   0.00017239  5.64906e-05   1.4318e-05  0.000312634  0.000612421   -6.225e-05 -5.72129e-06   4.7184e-06  4.41019e-10
 8.43543e-05 -1.72551e-05 -0.000517102  1.46519e-06  2.68577e-06  2.21681e-06  -4.8208e-05    -0.127921   -0.0260427 -0.000223202   0.00204611 -0.000317161  1.80398e-07 -6.35471e-08  6.39027e-18  2.09687e-15   0.00017239    0.0267579  7.58915e-05 -6.86182e-06 -0.000201311  0.000290571  6.31494e-05  2.06706e-06 -3.90578e-06  4.91893e-08
-5.89048e-05 -0.000139334 -6.49751e-07 -4.47897e-07  5.21789e-07 -4.54139e-05 -1.34372e-05    0.0335586   -0.0128999  2.11184e-05 -0.000321779 -6.83938e-05 -2.56725e-07 -3.78693e-08 -7.21411e-19 -1.37602e-15  5.64906e-05  7.58915e-05      0.13613 -3.08552e-06 -5.60317e-05 -0.000137139 -2.90103e-05 -1.63597e-05  -6.8286e-06  2.18074e-08
-5.46106e-06  -7.6172e-06 -3.88588e-06 -1.90924e-08  9.15337e-08 -1.36269e-06  1.58011e-06  -0.00955262  -0.00659761 -8.18497e-07  8.75303e-06 -2.17686e-05 -1.33762e-08 -1.83732e-09  4.76804e-20 -5.58341e-16   1.4318e-05 -6.86182e-06 -3.08552e-06   0.00143339 -1.05916e-05 -2.18049e-05 -2.80351e-06 -2.18881e-06 -4.66251e-07 -3.21015e-09
 8.72534e-05 -0.000282245 -0.000443792  4.48394e-07  2.75512e-06 -3.17408e-05 -7.65082e-05     -0.27642    -0.155471  -8.3033e-05  0.000923348  -0.00019194 -3.78322e-07 -7.42778e-08  1.05845e-17 -4.47255e-15  0.000312634 -0.000201311 -5.60317e-05 -1.05916e-05     0.126375 -0.000117317 -4.29335e-05  4.48619e-06 -1.50052e-05 -7.10558e-08
  -0.0001888   0.00112633  0.000942838 -3.23483e-06 -1.80837e-06 -2.50245e-05  0.000271412     0.310646   -0.0619649  0.000357622  -0.00356057 -0.000613182 -2.18343e-07 -7.12396e-08 -7.94167e-19  -1.2759e-14  0.000612421  0.000290571 -0.000137139 -2.18049e-05 -0.000117317    0.0249478 -0.000259187 -7.26986e-05  1.49106e-05 -7.96441e-08
-3.35961e-05  2.40785e-05    0.0002236 -9.65047e-07 -6.46966e-07 -4.54756e-06  2.93347e-05    0.0829531   0.00681362  9.11327e-05  -0.00085778 -0.000111106 -6.95828e-08 -8.52117e-10 -4.96358e-19 -1.33002e-15   -6.225e-05  6.31494e-05 -2.90103e-05 -2.80351e-06 -4.29335e-05 -0.000259187   0.00347095 -1.03459e-05  4.07386e-06 -1.56388e-08
-3.02848e-05 -4.93659e-05  0.000123671 -1.67145e-07 -4.45046e-07 -7.42962e-06 -1.34094e-06  0.000599844   -0.0164233  5.07068e-05 -0.000159954  -1.1347e-05 -9.49317e-08 -3.63585e-09  -7.2211e-20  -1.2883e-15 -5.72129e-06  2.06706e-06 -1.63597e-05 -2.18881e-06  4.48619e-06 -7.26986e-05 -1.03459e-05   0.00190967  8.18595e-07 -2.26008e-08
 2.27926e-06 -3.50029e-05 -9.09293e-05  7.49158e-08  4.72197e-07  -3.3142e-06 -8.43337e-06   -0.0298741  -0.00708985  -2.8574e-05   9.1203e-05  6.34892e-06 -2.17526e-09  -5.3493e-09   1.5966e-19 -1.28414e-16   4.7184e-06 -3.90578e-06  -6.8286e-06 -4.66251e-07 -1.50052e-05  1.49106e-05  4.07386e-06  8.18595e-07  0.000221884  8.28602e-09
-4.94582e-08  2.73347e-08  3.42385e-07 -1.29068e-10 -2.00713e-09 -5.92962e-10  1.31807e-08  1.67222e-05 -1.68694e-05  1.30076e-07 -4.81672e-08 -1.91838e-07 -7.23876e-10 -2.21749e-11  4.83845e-22 -2.22152e-18  4.41019e-10  4.91893e-08  2.18074e-08 -3.21015e-09 -7.10558e-08 -7.96441e-08 -1.56388e-08 -2.26008e-08  8.28602e-09  3.51538e-06
* row and column names
af_m
af_p
albedo_bg
alpha_m
alpha_p
auf_m
auf_p
den_m
den_p
e_bg
n_m
n_p
pen_s
pen_w
perm_m
perm_p
por_m
por_p
tcd_m
tcd_p
tcs_m
tcs_p
wr_m
wr_p
z_bg
z_s
