    26    26     1
    0.315896  5.49644e-05 -0.000126939    8.032e-07  3.63655e-06 -0.000104931  8.20613e-05    0.0161052   0.00454992  -5.4872e-05  2.02879e-05  0.000125777 -1.84722e-07            0 -1.41821e-18 -9.49045e-16  7.58266e-05 -4.38424e-05 -0.000161257  5.94061e-07 -0.000157838  9.52311e-06  4.59789e-06 -1.39697e-05 -5.45061e-06 -7.78954e-08
 5.49644e-05     0.317851  0.000374499 -6.02491e-07  5.87261e-08  5.89805e-05 -2.84235e-05   -0.0527518   -0.0425269  0.000211798 -0.000138586 -7.09331e-05 -3.29217e-07            0   1.0705e-18  1.97555e-15 -0.000310531  0.000198581  6.89482e-05  -1.7123e-06  5.43094e-05  0.000149902  1.87837e-05 -1.08943e-05  3.10615e-06 -4.40779e-08
-0.000126939  0.000374499    0.0409329  3.94906e-06 -2.05423e-06 -6.49985e-05 -2.73607e-06    -0.109519    0.0291908 -0.000659233  0.000724767 -0.000381476  8.63376e-08            0 -1.35748e-18 -1.66561e-15 -1.78119e-05  -0.00049339  3.21216e-05   1.3172e-06  0.000642641  0.000206312  3.65051e-05  3.29877e-05 -2.00431e-05  3.56298e-08
   8.032e-07 -6.02491e-07  3.94906e-06  4.35235e-07  8.36977e-10  3.25273e-07  2.51874e-07  0.000975826  1.04272e-05  1.86975e-06  -4.7015e-06  1.69223e-06  -3.5946e-11            0  1.49195e-20   5.7177e-18  2.22716e-06  5.34536e-07 -1.82057e-07 -4.52156e-09 -7.69339e-06 -1.28763e-06 -3.36798e-07 -5.49418e-08  6.28002e-08  2.03802e-10
 3.63655e-06  5.87261e-08 -2.05423e-06  8.36977e-10   6.1046e-06  1.27395e-06 -1.76298e-06  0.000563989 -2.89562e-05 -7.30659e-07  2.94018e-06 -1.62688e-05  3.37721e-09            0  1.93705e-20   1.5204e-17 -3.47069e-06 -6.77545e-07  2.70182e-06 -9.24033e-09 -9.00751e-07  3.07405e-07 -7.10314e-08  6.98617e-07  9.26022e-08  1.55632e-09
-0.000104931  5.89805e-05 -6.49985e-05  3.25273e-07  1.27395e-06      0.06863  1.97977e-05    0.0215092   0.00218435 -3.21818e-05  1.11361e-05  7.24146e-05 -2.32265e-08            0    -7.28e-19 -4.57573e-16  4.59198e-05 -4.44886e-05 -7.82274e-05  3.01785e-07 -0.000148671 -4.84136e-07  3.14452e-07 -2.97723e-06 -1.88513e-06 -2.09984e-08
 8.20613e-05 -2.84235e-05 -2.73607e-06  2.51874e-07 -1.76298e-06  1.97977e-05    0.0332598  -0.00475309  -0.00517841 -9.68434e-06  0.000105098 -7.26662e-06  1.63314e-07            0  1.99566e-19  3.30618e-16 -6.40928e-05 -5.44346e-06  4.97867e-05 -2.44093e-07  3.34651e-05  4.67027e-05  4.55012e-06  1.06779e-05  1.67049e-06   5.0677e-08
   0.0161052   -0.0527518    -0.109519  0.000975826  0.000563989    0.0215092  -0.00475309       225474     -5.47803   -0.0361313     0.185075    0.0453932 -0.000155866            0  -3.1477e-16 -1.81907e-13   -0.0448375   0.00877796    0.0571701 -6.90508e-05     0.552409    0.0719736    0.0114665   -0.0027997  -0.00301378 -6.86806e-06
  0.00454992   -0.0425269    0.0291908  1.04272e-05 -2.89562e-05   0.00218435  -0.00517841     -5.47803       113893    0.0143512     0.002685    0.0150512 -1.22401e-05            0 -3.03675e-16   2.2131e-13   -0.0192183   -0.0154939    0.0040029 -8.86548e-05  -0.00561168   0.00968616  0.000504972   0.00148953  0.000400832 -8.82921e-06
 -5.4872e-05  0.000211798 -0.000659233  1.86975e-06 -7.30659e-07 -3.21818e-05 -9.68434e-06   -0.0361313    0.0143512    0.0130382  0.000326024 -0.000219591  1.14823e-07            0 -8.11431e-19 -8.40695e-16 -6.59653e-06 -0.000229628  4.89064e-06  6.77573e-07  0.000340964  7.25965e-05   1.7502e-05  1.25242e-05 -8.37159e-06  2.81551e-08
 2.02879e-05 -0.000138586  0.000724767  -4.7015e-06  2.94018e-06  1.11361e-05  0.000105098     0.185075     0.002685  0.000326024     0.261546  7.40476e-05 -1.16656e-07            0  1.48868e-18     6.01e-16  0.000298838  0.000185951 -0.000123049 -6.04826e-07  -0.00132389 -0.000288698 -4.69343e-05 -2.81478e-05  8.91264e-06 -1.30245e-08
 0.000125777 -7.09331e-05 -0.000381476  1.69223e-06 -1.62688e-05  7.24146e-05 -7.26662e-06    0.0453932    0.0150512 -0.000219591  7.40476e-05    0.0272181  4.82365e-08            0  7.17708e-19  4.33619e-16  -0.00170329   0.00244471  0.000122193 -3.46992e-07   0.00044171 -2.76841e-06  1.31367e-05  0.000270843 -1.87155e-06  3.76486e-08
-1.84722e-07 -3.29217e-07  8.63376e-08  -3.5946e-11  3.37721e-09 -2.32265e-08  1.63314e-07 -0.000155866 -1.22401e-05  1.14823e-07 -1.16656e-07  4.82365e-08  5.62481e-05            0   3.7019e-23 -4.80582e-21 -6.65745e-08  1.26254e-07 -3.83541e-08 -5.54956e-10  4.26499e-08   7.2425e-08  7.05576e-09  -2.7689e-08 -8.44298e-09 -3.80236e-10
           0            0            0            0            0            0            0            0            0            0            0            0            0  1.40625e-05            0            0            0            0            0            0            0            0            0            0            0            0
-1.41821e-18   1.0705e-18 -1.35748e-18  1.49195e-20  1.93705e-20    -7.28e-19  1.99566e-19  -3.1477e-16 -3.03675e-16 -8.11431e-19  1.48868e-18  7.17708e-19   3.7019e-23            0  1.40621e-27 -8.11001e-30  4.18407e-19 -1.02108e-18 -8.85153e-19    5.883e-21  1.87501e-18  7.84561e-20  1.30892e-20  3.16077e-20 -3.28437e-20 -1.03854e-21
-9.49045e-16  1.97555e-15 -1.66561e-15   5.7177e-18   1.5204e-17 -4.57573e-16  3.30618e-16 -1.81907e-13   2.2131e-13 -8.40695e-16     6.01e-16  4.33619e-16 -4.80582e-21            0 -8.11001e-30  4.01982e-22  1.28913e-15 -1.99818e-17 -6.66559e-16  6.14668e-18  4.53665e-16 -2.90052e-16  -3.3162e-17 -4.79714e-17 -3.38633e-17 -9.90115e-20
 7.58266e-05 -0.000310531 -1.78119e-05  2.22716e-06 -3.47069e-06  4.59198e-05 -6.40928e-05   -0.0448375   -0.0192183 -6.59653e-06  0.000298838  -0.00170329 -6.65745e-08            0  4.18407e-19  1.28913e-15    0.0300685  0.000163225   9.5061e-05 -7.98066e-07     0.000197  0.000117943 -0.000112526 -3.93347e-06  9.77982e-07  3.44472e-08
-4.38424e-05  0.000198581  -0.00049339  5.34536e-07 -6.77545e-07 -4.44886e-05 -5.44346e-06   0.00877796   -0.0154939 -0.000229628  0.000185951   0.00244471  1.26254e-07            0 -1.02108e-18 -1.99818e-17  0.000163225    0.0275459 -7.51539e-06  5.03642e-07 -0.000171595  9.30518e-06 -4.37748e-06   7.6526e-06 -1.02015e-06  6.27025e-09
-0.000161257  6.89482e-05  3.21216e-05 -1.82057e-07  2.70182e-06 -7.82274e-05  4.97867e-05    0.0571701    0.0040029  4.89064e-06 -0.000123049  0.000122193 -3.83541e-08            0 -8.85153e-19 -6.66559e-16   9.5061e-05 -7.51539e-06     0.136121  4.16769e-07 -0.000383365  -4.6231e-05 -9.21582e-06 -1.17746e-05 -1.79362e-06 -3.03501e-08
 5.94061e-07  -1.7123e-06   1.3172e-06 -4.52156e-09 -9.24033e-09  3.01785e-07 -2.44093e-07 -6.90508e-05 -8.86548e-05  6.77573e-07 -6.04826e-07 -3.46992e-07 -5.54956e-10            0    5.883e-21  6.14668e-18 -7.98066e-07  5.03642e-07  4.16769e-07   0.00143517 -5.55041e-07  2.47731e-07 -1.72143e-09  1.16201e-08  2.35777e-08  1.20644e-10
-0.000157838  5.43094e-05  0.000642641 -7.69339e-06 -9.00751e-07 -0.000148671  3.34651e-05     0.552409  -0.00561168  0.000340964  -0.00132389   0.00044171  4.26499e-08            0  1.87501e-18  4.53665e-16     0.000197 -0.000171595 -0.000383365 -5.55041e-07     0.121574 -0.000363234  -0.00015884  9.29407e-06  1.28993e-05  3.05122e-08
 9.52311e-06  0.000149902  0.000206312 -1.28763e-06  3.07405e-07 -4.84136e-07  4.67027e-05    0.0719736   0.00968616  7.25965e-05 -0.000288698 -2.76841e-06   7.2425e-08            0  7.84561e-20 -2.90052e-16  0.000117943  9.30518e-06  -4.6231e-05  2.47731e-07 -0.000363234    0.0269714 -2.83152e-05 -5.74963e-06  3.12961e-06  6.15214e-09
 4.59789e-06  1.87837e-05  3.65051e-05 -3.36798e-07 -7.10314e-08  3.14452e-07  4.55012e-06    0.0114665  0.000504972   1.7502e-05 -4.69343e-05  1.31367e-05  7.05576e-09            0  1.30892e-20  -3.3162e-17 -0.000112526 -4.37748e-06 -9.21582e-06 -1.72143e-09  -0.00015884 -2.83152e-05   0.00354646   3.7147e-07  6.63679e-07  1.59429e-09
-1.39697e-05 -1.08943e-05  3.29877e-05 -5.49418e-08  6.98617e-07 -2.97723e-06  1.06779e-05   -0.0027997   0.00148953  1.25242e-05 -2.81478e-05  0.000270843  -2.7689e-08            0  3.16077e-20 -4.79714e-17 -3.93347e-06   7.6526e-06 -1.17746e-05  1.16201e-08  9.29407e-06 -5.74963e-06   3.7147e-07    0.0019289 -2.12721e-07 -6.14008e-09
-5.45061e-06  3.10615e-06 -2.00431e-05  6.28002e-08  9.26022e-08 -1.88513e-06  1.67049e-06  -0.00301378  0.000400832 -8.37159e-06  8.91264e-06 -1.87155e-06 -8.44298e-09            0 -3.28437e-20 -3.38633e-17  9.77982e-07 -1.02015e-06 -1.79362e-06  2.35777e-08  1.28993e-05  3.12961e-06  6.63679e-07 -2.12721e-07  0.000224547 -2.61648e-09
-7.78954e-08 -4.40779e-08  3.56298e-08  2.03802e-10  1.55632e-09 -2.09984e-08   5.0677e-08 -6.86806e-06 -8.82921e-06  2.81551e-08 -1.30245e-08  3.76486e-08 -3.80236e-10            0 -1.03854e-21 -9.90115e-20  3.44472e-08  6.27025e-09 -3.03501e-08  1.20644e-10  3.05122e-08  6.15214e-09  1.59429e-09 -6.14008e-09 -2.61648e-09   3.5154e-06
* row and column names
af_m
af_p
albedo_bg
alpha_m
alpha_p
auf_m
auf_p
den_m
den_p
e_bg
n_m
n_p
pen_s
pen_w
perm_m
perm_p
por_m
por_p
tcd_m
tcd_p
tcs_m
tcs_p
wr_m
wr_p
z_bg
z_s
