    20    20     1
    0.316148 -8.67116e-07 -8.23283e-12 -3.05257e-09 -1.08799e-08  1.17594e-07   0.00713951   0.00759938 -1.85534e-07 -4.28515e-07 -8.65419e-21  5.27826e-18  6.92561e-08   2.9628e-08   2.4715e-07 -1.15061e-08  8.11036e-07 -3.14364e-07 -3.26128e-08 -7.17072e-08
-8.67116e-07     0.318553  2.48357e-09 -6.29217e-08 -1.27038e-07 -1.74006e-06     0.112815     0.121605    8.425e-06 -1.54069e-05 -5.70253e-20  5.20152e-17 -1.59094e-06  6.07634e-07 -1.06622e-06  1.10606e-07 -9.86604e-07  2.96309e-06  1.70735e-07 -1.76739e-07
-8.23283e-12  2.48357e-09   4.6832e-07  9.29358e-13  2.55312e-11  6.61326e-10  2.30117e-06  2.15341e-06 -1.57104e-08  4.69389e-11  2.43638e-23 -9.97024e-21    3.238e-09  8.84299e-11  9.94556e-11 -5.03699e-11   3.4677e-10 -1.47187e-09 -3.89887e-10 -2.70528e-10
-3.05257e-09 -6.29217e-08  9.29358e-13  1.40584e-05 -1.35433e-10 -1.02394e-09  0.000721056  0.000776196 -1.69325e-08 -6.94357e-07 -1.68422e-21  2.02453e-20  2.21063e-09  1.98619e-07  5.20008e-10  3.09636e-10 -7.02505e-09  1.23859e-08 -4.64937e-10  1.03786e-08
-1.08799e-08 -1.27038e-07  2.55312e-11 -1.35433e-10    0.0686867 -1.46658e-08   0.00105394    0.0011149  1.02039e-07 -8.44062e-08  -1.2342e-21   1.5983e-18 -1.02129e-08 -8.10325e-09 -3.82875e-08  1.67596e-10 -1.23569e-08  2.10125e-08  1.31237e-09 -1.49405e-09
 1.17594e-07 -1.74006e-06  6.61326e-10 -1.02394e-09 -1.46658e-08    0.0333424 -0.000226495  0.000270276  2.52376e-06 -1.44725e-06  -1.0224e-21  7.03356e-18 -6.18778e-07 -1.40175e-07 -1.14896e-07   3.8325e-08 -8.18164e-07  1.02604e-06  9.56489e-08  1.03488e-07
  0.00713951     0.112815  2.30117e-06  0.000721056   0.00105394 -0.000226495       220710     -5238.05    0.0256408     0.145242  4.84068e-16 -3.27737e-13  0.000905121    -0.012048  -0.00863483  1.17944e-05 -0.000512597 -0.000530735  0.000994236    0.0059472
  0.00759938     0.121605  2.15341e-06  0.000776196    0.0011149  0.000270276     -5238.05       108323    0.0261934     0.156986  5.15705e-16 -3.52276e-13   0.00160641    -0.012888  -0.00984894 -2.43551e-05  0.000198453  -0.00158327   0.00101465   0.00627465
-1.85534e-07    8.425e-06 -1.57104e-08 -1.69325e-08  1.02039e-07  2.52376e-06    0.0256408    0.0261934     0.262596 -4.50886e-06  4.17397e-20 -3.79773e-17  9.45861e-06  1.18747e-06  7.88282e-07 -1.88774e-07  1.73819e-06 -6.00568e-06 -1.08383e-06 -1.07188e-06
-4.28515e-07 -1.54069e-05  4.69389e-11 -6.94357e-07 -8.44062e-08 -1.44725e-06     0.145242     0.156986 -4.50886e-06     0.262516 -3.16772e-19  1.24319e-17 -9.84902e-08  3.75986e-05 -7.24037e-07  9.82725e-08 -2.76387e-06  2.55962e-06 -7.29701e-08  2.44624e-06
-8.65419e-21 -5.70253e-20  2.43638e-23 -1.68422e-21  -1.2342e-21  -1.0224e-21  4.84068e-16  5.15705e-16  4.17397e-20 -3.16772e-19  1.40625e-27  3.33225e-31 -1.96202e-20  8.98275e-20  -9.0103e-21 -8.61036e-23  5.73711e-21 -4.98448e-21 -7.04893e-22  3.58229e-21
 5.27826e-18  5.20152e-17 -9.97024e-21  2.02453e-20   1.5983e-18  7.03356e-18 -3.27737e-13 -3.52276e-13 -3.79773e-17  1.24319e-17  3.33225e-31  4.01995e-22  6.65592e-18  1.22251e-17   7.3621e-18 -3.08299e-19  2.80671e-18 -1.02896e-17 -6.10493e-19  1.44341e-18
 6.92561e-08 -1.59094e-06    3.238e-09  2.21063e-09 -1.02129e-08 -6.18778e-07  0.000905121   0.00160641  9.45861e-06 -9.84902e-08 -1.96202e-20  6.65592e-18    0.0325322 -7.26922e-08  1.64099e-07  3.68193e-08 -9.14197e-07  8.20165e-07 -7.53537e-07   1.9453e-07
  2.9628e-08  6.07634e-07  8.84299e-11  1.98619e-07 -8.10325e-09 -1.40175e-07    -0.012048    -0.012888  1.18747e-06  3.75986e-05  8.98275e-20  1.22251e-17 -7.26922e-08    0.0571108  5.29986e-08  4.08306e-09  1.02104e-07  8.27928e-08  6.89383e-08 -4.26799e-06
  2.4715e-07 -1.06622e-06  9.94556e-11  5.20008e-10 -3.82875e-08 -1.14896e-07  -0.00863483  -0.00984894  7.88282e-07 -7.24037e-07  -9.0103e-21   7.3621e-18  1.64099e-07  5.29986e-08     0.136271 -1.88825e-09 -4.15882e-07 -1.20185e-07 -3.66038e-08 -1.00087e-08
-1.15061e-08  1.10606e-07 -5.03699e-11  3.09636e-10  1.67596e-10   3.8325e-08  1.17944e-05 -2.43551e-05 -1.88774e-07  9.82725e-08 -8.61036e-23 -3.08299e-19  3.68193e-08  4.08306e-09 -1.88825e-09   0.00143518  6.01384e-08 -8.12786e-08 -7.91825e-09  -9.1668e-09
 8.11036e-07 -9.86604e-07   3.4677e-10 -7.02505e-09 -1.23569e-08 -8.18164e-07 -0.000512597  0.000198453  1.73819e-06 -2.76387e-06  5.73711e-21  2.80671e-18 -9.14197e-07  1.02104e-07 -4.15882e-07  6.01384e-08     0.127474  1.70657e-06   8.9646e-08  1.65433e-07
-3.14364e-07  2.96309e-06 -1.47187e-09  1.23859e-08  2.10125e-08  1.02604e-06 -0.000530735  -0.00158327 -6.00568e-06  2.55962e-06 -4.98448e-21 -1.02896e-17  8.20165e-07  8.27928e-08 -1.20185e-07 -8.12786e-08  1.70657e-06    0.0271701 -2.32111e-07 -2.49201e-07
-3.26128e-08  1.70735e-07 -3.89887e-10 -4.64937e-10  1.31237e-09  9.56489e-08  0.000994236   0.00101465 -1.08383e-06 -7.29701e-08 -7.04893e-22 -6.10493e-19 -7.53537e-07  6.89383e-08 -3.66038e-08 -7.91825e-09   8.9646e-08 -2.32111e-07   0.00357671 -3.03525e-08
-7.17072e-08 -1.76739e-07 -2.70528e-10  1.03786e-08 -1.49405e-09  1.03488e-07    0.0059472   0.00627465 -1.07188e-06  2.44624e-06  3.58229e-21  1.44341e-18   1.9453e-07 -4.26799e-06 -1.00087e-08  -9.1668e-09  1.65433e-07 -2.49201e-07 -3.03525e-08   0.00707503
* row and column names
af_m
af_p
alpha_m
alpha_p
auf_m
auf_p
den_m
den_p
n_m
n_p
perm_m
perm_p
por_m
por_p
tcd_m
tcd_p
tcs_m
tcs_p
wr_m
wr_p
