    20    20     1
    0.316148 -1.19245e-06 -1.25847e-10 -1.19375e-09  1.06571e-08  4.61458e-08   0.00885035   0.00948545 -5.97307e-07 -1.06315e-06 -5.68596e-21  1.66906e-18  5.09623e-09  8.79109e-08  1.57721e-07 -1.30622e-08   6.4853e-07  -3.3341e-07 -5.82199e-08  -6.5346e-08
-1.19245e-06     0.318552  2.29851e-09 -7.25909e-08  2.56679e-08  -1.8444e-06     0.116444     0.125447  7.85405e-06 -1.66841e-05 -5.59053e-20  3.10481e-17 -1.56562e-06  7.87115e-07 -1.27222e-06  1.10407e-07 -1.04857e-06   2.8358e-06  1.19827e-07 -2.08277e-07
-1.25847e-10  2.29851e-09   4.6832e-07  5.44299e-12 -1.10137e-11  6.23769e-10  2.25152e-06  2.14341e-06 -1.52918e-08  7.33989e-11   3.1956e-23 -8.77245e-21  3.03916e-09  8.05656e-11  2.01245e-11 -5.69397e-11  2.15387e-10 -1.49952e-09 -4.25475e-10 -2.51983e-10
-1.19375e-09 -7.25909e-08  5.44299e-12  1.40585e-05 -1.20593e-10 -1.75185e-09  0.000791437  0.000856162 -2.98987e-09 -6.73416e-07  -1.7739e-21  1.49894e-19  2.62736e-09  1.92768e-07 -3.66419e-09  7.16291e-10 -7.66268e-09  1.28391e-08 -4.22162e-11  1.10933e-08
 1.06571e-08  2.56679e-08 -1.10137e-11 -1.20593e-10    0.0686867 -3.62388e-11 -0.000355548 -0.000378266 -2.70171e-08 -3.40897e-08 -3.95497e-22 -2.32629e-19  2.08813e-10  1.13672e-08 -2.02594e-08 -1.31789e-10 -2.88465e-08  2.61227e-09 -1.47032e-09 -6.01451e-11
 4.61458e-08  -1.8444e-06  6.23769e-10 -1.75185e-09 -3.62388e-11    0.0333423    0.0015731   0.00218468  2.51085e-06 -1.82883e-06  1.67149e-21  3.02214e-18 -6.78291e-07 -1.34306e-07 -4.94346e-08  3.56772e-08  -9.2798e-07  1.13432e-06  9.19921e-08  8.48587e-08
  0.00885035     0.116444  2.25152e-06  0.000791437 -0.000355548    0.0015731       220718     -5232.77    0.0268637     0.149716  5.77367e-16  -2.2801e-13 -0.000652203   -0.0125565   -0.0053015 -0.000137186   0.00245557   0.00101676   0.00124901   0.00518369
  0.00948545     0.125447  2.14341e-06  0.000856162 -0.000378266   0.00218468     -5232.77       108325    0.0275165     0.162041   6.1848e-16 -2.43499e-13 -0.000127151   -0.0134481  -0.00632647 -0.000189097   0.00345058   1.9164e-05   0.00129208   0.00545459
-5.97307e-07  7.85405e-06 -1.52918e-08 -2.98987e-09 -2.70171e-08  2.51085e-06    0.0268637    0.0275165     0.262596 -4.08502e-06  5.27311e-20 -2.81262e-17  8.93467e-06   1.1951e-06  3.79003e-07 -2.20352e-07   1.4861e-06 -6.17849e-06 -1.19192e-06 -1.03023e-06
-1.06315e-06 -1.66841e-05  7.33989e-11 -6.73416e-07 -3.40897e-08 -1.82883e-06     0.149716     0.162041 -4.08502e-06      0.26252 -3.07464e-19  1.71433e-17  -4.9257e-07  3.63825e-05  -1.3785e-06  9.03045e-08 -3.12226e-06  2.53532e-06 -1.56666e-07  2.39729e-06
-5.68596e-21 -5.59053e-20   3.1956e-23  -1.7739e-21 -3.95497e-22  1.67149e-21  5.77367e-16   6.1848e-16  5.27311e-20 -3.07464e-19  1.40625e-27  2.65951e-31 -1.75875e-20  8.88355e-20 -7.27886e-21  8.78514e-23  5.19322e-21  -2.3149e-21   9.3243e-22  3.47124e-21
 1.66906e-18  3.10481e-17 -8.77245e-21  1.49894e-19 -2.32629e-19  3.02214e-18  -2.2801e-13 -2.43499e-13 -2.81262e-17  1.71433e-17  2.65951e-31  4.01996e-22  3.06008e-18  2.79849e-18  3.02748e-18 -2.96487e-19 -2.76371e-18 -5.35728e-18 -8.32622e-19  6.24613e-19
 5.09623e-09 -1.56562e-06  3.03916e-09  2.62736e-09  2.08813e-10 -6.78291e-07 -0.000652203 -0.000127151  8.93467e-06  -4.9257e-07 -1.75875e-20  3.06008e-18    0.0325324 -4.61712e-08  8.44886e-08  2.70495e-08 -1.00732e-06  8.32737e-07 -7.50364e-07  1.66451e-07
 8.79109e-08  7.87115e-07  8.05656e-11  1.92768e-07  1.13672e-08 -1.34306e-07   -0.0125565   -0.0134481   1.1951e-06  3.63825e-05  8.88355e-20  2.79849e-18 -4.61712e-08    0.0571108  1.33347e-07   4.1763e-09  2.05855e-08  1.11921e-07  7.49583e-08 -4.28382e-06
 1.57721e-07 -1.27222e-06  2.01245e-11 -3.66419e-09 -2.02594e-08 -4.94346e-08   -0.0053015  -0.00632647  3.79003e-07  -1.3785e-06 -7.27886e-21  3.02748e-18  8.44886e-08  1.33347e-07     0.136271 -9.61128e-09 -3.06889e-07 -1.65891e-07 -6.64152e-08 -5.28544e-08
-1.30622e-08  1.10407e-07 -5.69397e-11  7.16291e-10 -1.31789e-10  3.56772e-08 -0.000137186 -0.000189097 -2.20352e-07  9.03045e-08  8.78514e-23 -2.96487e-19  2.70495e-08   4.1763e-09 -9.61128e-09   0.00143518  5.29139e-08 -9.02217e-08 -1.00974e-08 -1.20423e-08
  6.4853e-07 -1.04857e-06  2.15387e-10 -7.66268e-09 -2.88465e-08  -9.2798e-07   0.00245557   0.00345058   1.4861e-06 -3.12226e-06  5.19322e-21 -2.76371e-18 -1.00732e-06  2.05855e-08 -3.06889e-07  5.29139e-08     0.127474  1.84665e-06   6.4082e-08  1.39883e-07
 -3.3341e-07   2.8358e-06 -1.49952e-09  1.28391e-08  2.61227e-09  1.13432e-06   0.00101676   1.9164e-05 -6.17849e-06  2.53532e-06  -2.3149e-21 -5.35728e-18  8.32737e-07  1.11921e-07 -1.65891e-07 -9.02217e-08  1.84665e-06    0.0271699 -2.51253e-07 -2.59344e-07
-5.82199e-08  1.19827e-07 -4.25475e-10 -4.22162e-11 -1.47032e-09  9.19921e-08   0.00124901   0.00129208 -1.19192e-06 -1.56666e-07   9.3243e-22 -8.32622e-19 -7.50364e-07  7.49583e-08 -6.64152e-08 -1.00974e-08   6.4082e-08 -2.51253e-07   0.00357669 -3.42647e-08
 -6.5346e-08 -2.08277e-07 -2.51983e-10  1.10933e-08 -6.01451e-11  8.48587e-08   0.00518369   0.00545459 -1.03023e-06  2.39729e-06  3.47124e-21  6.24613e-19  1.66451e-07 -4.28382e-06 -5.28544e-08 -1.20423e-08  1.39883e-07 -2.59344e-07 -3.42647e-08   0.00707504
* row and column names
af_m
af_p
alpha_m
alpha_p
auf_m
auf_p
den_m
den_p
n_m
n_p
perm_m
perm_p
por_m
por_p
tcd_m
tcd_p
tcs_m
tcs_p
wr_m
wr_p
