    20    20     1
    0.316148  -5.3813e-07 -1.33854e-11 -1.63826e-09  3.51409e-09  1.79515e-07   0.00604698    0.0063677 -2.59173e-07 -2.19915e-07 -4.34123e-21  4.30915e-18    1.039e-07  9.33571e-08  2.01334e-07 -1.30501e-08  8.58459e-07 -3.71418e-07 -3.05648e-08 -6.71032e-08
 -5.3813e-07     0.318554   2.5098e-09 -6.54515e-08  7.22799e-09 -1.56996e-06     0.106926     0.115201  8.24058e-06 -1.53849e-05 -2.36439e-20  7.34621e-17 -1.59015e-06  9.09404e-07  -8.8272e-07  1.00191e-07 -8.01206e-07  2.88518e-06   1.4471e-07 -2.23408e-07
-1.33854e-11   2.5098e-09   4.6832e-07  2.33923e-12 -3.36923e-12   6.0308e-10  4.34646e-06  4.41821e-06  -1.6277e-08  1.43966e-10  1.45975e-24 -1.60706e-20  3.53839e-09 -2.23531e-11  1.48186e-10  -4.5217e-11   2.3981e-10  -1.4016e-09 -3.35474e-10 -2.75597e-10
-1.63826e-09 -6.54515e-08  2.33923e-12  1.40581e-05 -1.01213e-10 -1.35215e-09  0.000661945  0.000710352 -1.80519e-08 -7.45011e-07 -1.87336e-21  2.64518e-19  1.71023e-09  2.07716e-07 -4.69548e-09  2.01048e-10 -7.59069e-09  1.10517e-08 -4.52746e-10  9.36375e-09
 3.51409e-09  7.22799e-09 -3.36923e-12 -1.01213e-10    0.0686867 -2.83015e-09 -0.000233415 -0.000254743 -2.52702e-09 -3.08444e-08 -1.45578e-22 -1.97521e-19  2.34212e-09  8.01204e-09 -2.16367e-08  1.86469e-10  -2.4316e-08  6.28068e-09 -1.99376e-10  2.69694e-10
 1.79515e-07 -1.56996e-06   6.0308e-10 -1.35215e-09 -2.83015e-09    0.0333425    0.0010646    0.0016296   2.2278e-06 -1.48926e-06  1.63139e-21  6.32436e-18 -5.70673e-07 -9.54846e-08 -1.12272e-08  3.53122e-08 -7.77373e-07  9.81823e-07  7.87429e-08  9.57472e-08
  0.00604698     0.106926  4.34646e-06  0.000661945 -0.000233415    0.0010646       220707     -5240.83     0.022879      0.14801  2.01337e-16  -5.6017e-13  0.000413212   -0.0143333  -0.00643739 -2.22677e-05   0.00141318  0.000847565  0.000834469   0.00619216
   0.0063677     0.115201  4.41821e-06  0.000710352 -0.000254743    0.0016296     -5240.83       108320    0.0236901     0.159822   2.1524e-16 -5.97388e-13  0.000995093   -0.0153689   -0.0075315 -5.48684e-05   0.00212567  2.18839e-05  0.000860591   0.00653898
-2.59173e-07  8.24058e-06  -1.6277e-08 -1.80519e-08 -2.52702e-09   2.2278e-06     0.022879    0.0236901     0.262595 -5.58339e-06 -3.20318e-21 -5.52369e-17  1.06413e-05  1.10209e-06  8.68361e-07  -1.6338e-07  1.35547e-06 -5.26605e-06  -8.5335e-07 -1.06101e-06
-2.19915e-07 -1.53849e-05  1.43966e-10 -7.45011e-07 -3.08444e-08 -1.48926e-06      0.14801     0.159822 -5.58339e-06     0.262502 -3.33049e-19  4.90718e-17 -1.24553e-07   4.0331e-05 -9.60656e-07  8.30751e-08 -2.65683e-06  2.33311e-06 -8.88949e-08  2.29722e-06
-4.34123e-21 -2.36439e-20  1.45975e-24 -1.87336e-21 -1.45578e-22  1.63139e-21  2.01337e-16   2.1524e-16 -3.20318e-21 -3.33049e-19  1.40625e-27 -4.23017e-31 -3.71188e-21   1.0565e-19 -2.67281e-22 -4.24035e-24    2.069e-21 -8.96629e-22 -1.92628e-21  5.85736e-21
 4.30915e-18  7.34621e-17 -1.60706e-20  2.64518e-19 -1.97521e-19  6.32436e-18  -5.6017e-13 -5.97388e-13 -5.52369e-17  4.90718e-17 -4.23017e-31  4.01994e-22  6.24069e-18  3.72327e-18   9.3112e-18 -3.89188e-19 -3.97729e-18 -1.11209e-17 -9.76824e-19  2.18227e-18
   1.039e-07 -1.59015e-06  3.53839e-09  1.71023e-09  2.34212e-09 -5.70673e-07  0.000413212  0.000995093  1.06413e-05 -1.24553e-07 -3.71188e-21  6.24069e-18    0.0325318  3.91434e-09  2.43644e-07  3.46964e-08 -7.83236e-07  8.95651e-07 -7.72811e-07  2.13345e-07
 9.33571e-08  9.09404e-07 -2.23531e-11  2.07716e-07  8.01204e-09 -9.54846e-08   -0.0143333   -0.0153689  1.10209e-06   4.0331e-05   1.0565e-19  3.72327e-18  3.91434e-09    0.0571108  1.13509e-07  5.71881e-09  6.63559e-08  5.69967e-08  6.87071e-08 -4.18961e-06
 2.01334e-07  -8.8272e-07  1.48186e-10 -4.69548e-09 -2.16367e-08 -1.12272e-08  -0.00643739   -0.0075315  8.68361e-07 -9.60656e-07 -2.67281e-22   9.3112e-18  2.43644e-07  1.13509e-07     0.136271  -2.4773e-09  -3.1694e-07 -3.12236e-08 -1.61308e-08 -3.33096e-08
-1.30501e-08  1.00191e-07  -4.5217e-11  2.01048e-10  1.86469e-10  3.53122e-08 -2.22677e-05 -5.48684e-05  -1.6338e-07  8.30751e-08 -4.24035e-24 -3.89188e-19  3.46964e-08  5.71881e-09  -2.4773e-09   0.00143518  5.15575e-08 -7.10091e-08 -6.22773e-09 -8.05862e-09
 8.58459e-07 -8.01206e-07   2.3981e-10 -7.59069e-09  -2.4316e-08 -7.77373e-07   0.00141318   0.00212567  1.35547e-06 -2.65683e-06    2.069e-21 -3.97729e-18 -7.83236e-07  6.63559e-08  -3.1694e-07  5.15575e-08     0.127474  1.52931e-06  7.08271e-08  1.32847e-07
-3.71418e-07  2.88518e-06  -1.4016e-09  1.10517e-08  6.28068e-09  9.81823e-07  0.000847565  2.18839e-05 -5.26605e-06  2.33311e-06 -8.96629e-22 -1.11209e-17  8.95651e-07  5.69967e-08 -3.12236e-08 -7.10091e-08  1.52931e-06    0.0271704 -1.84383e-07 -2.30219e-07
-3.05648e-08   1.4471e-07 -3.35474e-10 -4.52746e-10 -1.99376e-10  7.87429e-08  0.000834469  0.000860591  -8.5335e-07 -8.88949e-08 -1.92628e-21 -9.76824e-19 -7.72811e-07  6.87071e-08 -1.61308e-08 -6.22773e-09  7.08271e-08 -1.84383e-07   0.00357673 -2.40712e-08
-6.71032e-08 -2.23408e-07 -2.75597e-10  9.36375e-09  2.69694e-10  9.57472e-08   0.00619216   0.00653898 -1.06101e-06  2.29722e-06  5.85736e-21  2.18227e-18  2.13345e-07 -4.18961e-06 -3.33096e-08 -8.05862e-09  1.32847e-07 -2.30219e-07 -2.40712e-08   0.00707499
* row and column names
af_m
af_p
alpha_m
alpha_p
auf_m
auf_p
den_m
den_p
n_m
n_p
perm_m
perm_p
por_m
por_p
tcd_m
tcd_p
tcs_m
tcs_p
wr_m
wr_p
