    20    20     1
    0.316148  -1.2913e-06 -1.29206e-10  2.02622e-09 -8.60061e-08  5.93577e-08    0.0107714     0.011458 -5.53648e-07 -8.24764e-07  2.38793e-20  1.51608e-17  7.36421e-09  1.85882e-08   3.7072e-08 -1.99536e-08  6.35906e-07 -4.01864e-07 -7.09126e-08 -8.45557e-08
 -1.2913e-06     0.318552   2.1597e-09 -6.98193e-08 -2.59057e-07 -1.73647e-06     0.117788      0.12659  8.05768e-06 -1.54593e-05 -9.04353e-21  6.04359e-17 -1.54152e-06   5.4012e-07 -1.55402e-06  1.07833e-07 -1.09943e-06  2.67181e-06  6.95039e-08 -2.22369e-07
-1.29206e-10   2.1597e-09   4.6832e-07  6.02221e-12 -1.94152e-11  6.84533e-10   4.3278e-06  4.34208e-06 -1.39911e-08  1.66393e-11  5.56169e-23 -7.79363e-22  2.89313e-09  6.76553e-11  1.22647e-10 -6.21158e-11  3.26006e-10 -1.52624e-09 -4.03102e-10 -2.72161e-10
 2.02622e-09 -6.98193e-08  6.02221e-12  1.40584e-05 -3.53573e-10 -4.41598e-09  0.000747192   0.00080686 -8.64333e-10  -6.4746e-07 -1.40428e-21  1.97505e-19 -2.01767e-09  1.88673e-07  3.75194e-10   8.2077e-10 -1.52827e-08  1.77151e-08 -1.38549e-10  1.08982e-08
-8.60061e-08 -2.59057e-07 -1.94152e-11 -3.53573e-10    0.0686867 -3.83705e-08   0.00217423   0.00233435 -3.30828e-08 -3.12453e-07  1.41788e-20    5.003e-18 -4.73401e-08 -1.07131e-08 -6.24131e-08 -1.87723e-09 -1.04037e-07  2.58217e-08 -9.45507e-09 -1.52798e-08
 5.93577e-08 -1.73647e-06  6.84533e-10 -4.41598e-09 -3.83705e-08    0.0333423   0.00219213   0.00292507  2.75903e-06 -1.68097e-06  1.45849e-20  9.36477e-18 -6.73766e-07  -1.8169e-07 -1.58783e-08  4.76182e-08 -1.00781e-06  1.24901e-06  1.12221e-07  1.19893e-07
   0.0107714     0.117788   4.3278e-06  0.000747192   0.00217423   0.00219213       220714      -5232.8    0.0294843     0.139895 -5.05953e-17 -4.96409e-13   0.00144855    -0.010073  -0.00210589 -6.36615e-05   0.00624531   0.00121388   0.00166426   0.00565085
    0.011458      0.12659  4.34208e-06   0.00080686   0.00233435   0.00292507      -5232.8       108330    0.0302791     0.151254 -7.91826e-17 -5.33998e-13   0.00215296   -0.0107505  -0.00298864 -0.000109153   0.00754248  0.000135276    0.0017237   0.00594915
-5.53648e-07  8.05768e-06 -1.39911e-08 -8.64333e-10 -3.30828e-08  2.75903e-06    0.0294843    0.0302791     0.262599 -3.84803e-06  1.23322e-19 -1.08707e-17  8.47504e-06  1.13089e-06  8.26163e-07 -2.26517e-07  1.57751e-06 -6.33228e-06 -1.13044e-06 -1.07104e-06
-8.24764e-07 -1.54593e-05  1.66393e-11  -6.4746e-07 -3.12453e-07 -1.68097e-06     0.139895     0.151254 -3.84803e-06     0.262527 -1.54749e-19  4.29758e-17 -3.36588e-07  3.50634e-05  -1.3262e-06  1.01554e-07 -3.23895e-06  2.52837e-06 -1.76542e-07  2.43602e-06
 2.38793e-20 -9.04353e-21  5.56169e-23 -1.40428e-21  1.41788e-20  1.45849e-20 -5.05953e-17 -7.91826e-17  1.23322e-19 -1.54749e-19  1.40624e-27 -2.55653e-30 -2.21293e-21   7.8164e-20 -8.92411e-21  9.75702e-22  6.21809e-20 -1.65711e-20  5.47177e-21  8.69216e-21
 1.51608e-17  6.04359e-17 -7.79363e-22  1.97505e-19    5.003e-18  9.36477e-18 -4.96409e-13 -5.33998e-13 -1.08707e-17  4.29758e-17 -2.55653e-30  4.01994e-22  1.00137e-17  8.98979e-18  8.31354e-18  8.79078e-20  1.41961e-17 -8.06646e-18   1.2832e-18  2.99246e-18
 7.36421e-09 -1.54152e-06  2.89313e-09 -2.01767e-09 -4.73401e-08 -6.73766e-07   0.00144855   0.00215296  8.47504e-06 -3.36588e-07 -2.21293e-21  1.00137e-17    0.0325328 -1.02644e-07  1.64648e-07   4.0579e-08 -1.02207e-06  8.90814e-07 -7.09568e-07  1.83589e-07
 1.85882e-08   5.4012e-07  6.76553e-11  1.88673e-07 -1.07131e-08  -1.8169e-07    -0.010073   -0.0107505  1.13089e-06  3.50634e-05   7.8164e-20  8.98979e-18 -1.02644e-07    0.0571108  1.20349e-07  5.55792e-09 -3.96401e-08  1.73491e-07  7.53566e-08 -4.28784e-06
  3.7072e-08 -1.55402e-06  1.22647e-10  3.75194e-10 -6.24131e-08 -1.58783e-08  -0.00210589  -0.00298864  8.26163e-07  -1.3262e-06 -8.92411e-21  8.31354e-18  1.64648e-07  1.20349e-07     0.136271 -9.88068e-09 -1.90823e-07 -1.95653e-07 -6.18643e-08 -4.87575e-08
-1.99536e-08  1.07833e-07 -6.21158e-11   8.2077e-10 -1.87723e-09  4.76182e-08 -6.36615e-05 -0.000109153 -2.26517e-07  1.01554e-07  9.75702e-22  8.79078e-20   4.0579e-08  5.55792e-09 -9.88068e-09   0.00143518  6.71632e-08 -1.01166e-07 -1.05203e-08 -1.19558e-08
 6.35906e-07 -1.09943e-06  3.26006e-10 -1.52827e-08 -1.04037e-07 -1.00781e-06   0.00624531   0.00754248  1.57751e-06 -3.23895e-06  6.21809e-20  1.41961e-17 -1.02207e-06 -3.96401e-08 -1.90823e-07  6.71632e-08     0.127474  1.95625e-06   8.2172e-08   1.3755e-07
-4.01864e-07  2.67181e-06 -1.52624e-09  1.77151e-08  2.58217e-08  1.24901e-06   0.00121388  0.000135276 -6.33228e-06  2.52837e-06 -1.65711e-20 -8.06646e-18  8.90814e-07  1.73491e-07 -1.95653e-07 -1.01166e-07  1.95625e-06    0.0271697 -2.65407e-07 -2.83167e-07
-7.09126e-08  6.95039e-08 -4.03102e-10 -1.38549e-10 -9.45507e-09  1.12221e-07   0.00166426    0.0017237 -1.13044e-06 -1.76542e-07  5.47177e-21   1.2832e-18 -7.09568e-07  7.53566e-08 -6.18643e-08 -1.05203e-08   8.2172e-08 -2.65407e-07   0.00357669 -3.97423e-08
-8.45557e-08 -2.22369e-07 -2.72161e-10  1.08982e-08 -1.52798e-08  1.19893e-07   0.00565085   0.00594915 -1.07104e-06  2.43602e-06  8.69216e-21  2.99246e-18  1.83589e-07 -4.28784e-06 -4.87575e-08 -1.19558e-08   1.3755e-07 -2.83167e-07 -3.97423e-08   0.00707507
* row and column names
af_m
af_p
alpha_m
alpha_p
auf_m
auf_p
den_m
den_p
n_m
n_p
perm_m
perm_p
por_m
por_p
tcd_m
tcd_p
tcs_m
tcs_p
wr_m
wr_p
