    20    20     1
    0.316148 -4.90746e-07 -6.94275e-11 -6.83187e-10 -1.91067e-08  2.38894e-07   0.00529286   0.00552689 -4.31145e-07  5.16358e-08 -1.08173e-20  2.22464e-18  1.51675e-07  6.66665e-08  1.54775e-07 -2.00075e-08  9.10528e-07 -5.07831e-07 -4.32387e-08 -7.50565e-08
-4.90746e-07     0.318554  2.14683e-09 -7.10999e-08  7.71614e-08 -1.58304e-06     0.109129      0.11749  8.61479e-06 -1.42905e-05 -1.38256e-19  4.97599e-17 -1.18728e-06  7.54848e-07 -1.32785e-06  1.14945e-07  -8.7694e-07  2.87731e-06  1.29277e-07 -1.18378e-07
-6.94275e-11  2.14683e-09  4.68321e-07  2.09881e-12 -5.86539e-12  6.73918e-10  5.07465e-06  5.16417e-06 -1.22378e-08  1.01135e-10  1.91288e-23 -1.07091e-20  2.62363e-09  1.16084e-10  2.30189e-10  -5.4352e-11  3.23655e-10 -1.51486e-09 -3.82241e-10 -2.48975e-10
-6.83187e-10 -7.10999e-08  2.09881e-12  1.40587e-05  9.15244e-10 -2.91384e-09  0.000794812  0.000857204 -5.29591e-09 -6.26383e-07  -2.0504e-21  1.33128e-19 -2.24461e-10   1.8529e-07 -4.34235e-09  3.84023e-10 -1.21354e-08  1.50424e-08 -1.42579e-10  1.04114e-08
-1.91067e-08  7.71614e-08 -5.86539e-12  9.15244e-10    0.0686867   5.6408e-09  -0.00113938  -0.00123059 -5.37334e-09  1.18763e-07  6.83659e-22 -2.99511e-19  1.46163e-09 -1.10808e-08 -2.78724e-08 -9.48552e-10 -5.73295e-10 -1.31029e-08 -1.33314e-10  3.13561e-09
 2.38894e-07 -1.58304e-06  6.73918e-10 -2.91384e-09   5.6408e-09    0.0333423  0.000528966   0.00117875  2.81522e-06 -1.58993e-06 -7.27561e-21  5.57672e-18 -6.61345e-07  -1.5673e-07  9.42175e-08  5.19604e-08 -9.91325e-07  1.33751e-06  1.19623e-07  1.44396e-07
  0.00529286     0.109129  5.07465e-06  0.000794812  -0.00113938  0.000528966       220714     -5235.77    0.0291923     0.134615  1.52121e-15 -3.29505e-13  0.000602815   -0.0131573  -0.00299194 -6.42105e-05   0.00475149 -0.000585808  0.000712973    0.0051638
  0.00552689      0.11749  5.16417e-06  0.000857204  -0.00123059   0.00117875     -5235.77       108323    0.0299555     0.145791  1.63518e-15 -3.51747e-13   0.00125535   -0.0140696  -0.00400951  -0.00011522    0.0059645  -0.00186541  0.000703885   0.00541424
-4.31145e-07  8.61479e-06 -1.22378e-08 -5.29591e-09 -5.37334e-09  2.81522e-06    0.0291923    0.0299555     0.262603 -2.74475e-06  2.42403e-20 -4.24456e-17  7.18688e-06  1.16276e-06  1.06473e-06 -2.23134e-07  1.69551e-06 -6.66158e-06 -1.05097e-06   -1.016e-06
 5.16358e-08 -1.42905e-05  1.01135e-10 -6.26383e-07  1.18763e-07 -1.58993e-06     0.134615     0.145791 -2.74475e-06     0.262533 -3.67952e-19  1.67331e-17 -1.33274e-07  3.42639e-05 -9.13739e-07  1.12534e-07 -2.98037e-06  2.88738e-06 -6.49851e-08   2.5216e-06
-1.08173e-20 -1.38256e-19  1.91288e-23  -2.0504e-21  6.83659e-22 -7.27561e-21  1.52121e-15  1.63518e-15  2.42403e-20 -3.67952e-19  1.40624e-27   3.8146e-31 -2.59458e-20  8.04814e-20 -1.01088e-20  5.05516e-22 -1.27339e-20  1.14859e-20 -1.82415e-21 -1.04763e-21
 2.22464e-18  4.97599e-17 -1.07091e-20  1.33128e-19 -2.99511e-19  5.57672e-18 -3.29505e-13 -3.51747e-13 -4.24456e-17  1.67331e-17   3.8146e-31  4.01995e-22  4.65296e-18  8.95639e-18  7.40207e-18 -3.68842e-19 -1.47083e-18 -9.23399e-18 -6.43497e-19  1.23264e-18
 1.51675e-07 -1.18728e-06  2.62363e-09 -2.24461e-10  1.46163e-09 -6.61345e-07  0.000602815   0.00125535  7.18688e-06 -1.33274e-07 -2.59458e-20  4.65296e-18    0.0325332 -7.95196e-08   2.2834e-07   4.2506e-08 -9.81278e-07  9.41609e-07 -6.81223e-07  2.01515e-07
 6.66665e-08  7.54848e-07  1.16084e-10   1.8529e-07 -1.10808e-08  -1.5673e-07   -0.0131573   -0.0140696  1.16276e-06  3.42639e-05  8.04814e-20  8.95639e-18 -7.95196e-08    0.0571109  1.42631e-07  9.69183e-09  2.76804e-08  1.63105e-07  8.22605e-08 -4.25162e-06
 1.54775e-07 -1.32785e-06  2.30189e-10 -4.34235e-09 -2.78724e-08  9.42175e-08  -0.00299194  -0.00400951  1.06473e-06 -9.13739e-07 -1.01088e-20  7.40207e-18   2.2834e-07  1.42631e-07     0.136271  -1.1601e-08  2.02177e-08 -3.21893e-07   -5.604e-08 -5.54225e-08
-2.00075e-08  1.14945e-07  -5.4352e-11  3.84023e-10 -9.48552e-10  5.19604e-08 -6.42105e-05  -0.00011522 -2.23134e-07  1.12534e-07  5.05516e-22 -3.68842e-19   4.2506e-08  9.69183e-09  -1.1601e-08   0.00143518  7.50457e-08 -1.06937e-07 -1.01314e-08 -1.18865e-08
 9.10528e-07  -8.7694e-07  3.23655e-10 -1.21354e-08 -5.73295e-10 -9.91325e-07   0.00475149    0.0059645  1.69551e-06 -2.98037e-06 -1.27339e-20 -1.47083e-18 -9.81278e-07  2.76804e-08  2.02177e-08  7.50457e-08     0.127474  2.02746e-06  1.02353e-07  1.90816e-07
-5.07831e-07  2.87731e-06 -1.51486e-09  1.50424e-08 -1.31029e-08  1.33751e-06 -0.000585808  -0.00186541 -6.66158e-06  2.88738e-06  1.14859e-20 -9.23399e-18  9.41609e-07  1.63105e-07 -3.21893e-07 -1.06937e-07  2.02746e-06    0.0271695 -2.83291e-07 -3.08191e-07
-4.32387e-08  1.29277e-07 -3.82241e-10 -1.42579e-10 -1.33314e-10  1.19623e-07  0.000712973  0.000703885 -1.05097e-06 -6.49851e-08 -1.82415e-21 -6.43497e-19 -6.81223e-07  8.22605e-08   -5.604e-08 -1.01314e-08  1.02353e-07 -2.83291e-07   0.00357668 -3.23786e-08
-7.50565e-08 -1.18378e-07 -2.48975e-10  1.04114e-08  3.13561e-09  1.44396e-07    0.0051638   0.00541424   -1.016e-06   2.5216e-06 -1.04763e-21  1.23264e-18  2.01515e-07 -4.25162e-06 -5.54225e-08 -1.18865e-08  1.90816e-07 -3.08191e-07 -3.23786e-08   0.00707509
* row and column names
af_m
af_p
alpha_m
alpha_p
auf_m
auf_p
den_m
den_p
n_m
n_p
perm_m
perm_p
por_m
por_p
tcd_m
tcd_p
tcs_m
tcs_p
wr_m
wr_p
