    20    20     1
    0.316148 -2.40805e-07 -2.40523e-10 -3.18326e-10  -9.2788e-09  1.60064e-07  1.17236e-05 -1.74155e-05 -3.42368e-07  1.84399e-07 -2.62844e-21 -1.79054e-18  1.72044e-07 -2.46211e-08  8.31819e-08 -2.20888e-08  5.13486e-07 -3.66608e-07 -4.25336e-08 -5.31439e-08
-2.40805e-07     0.318567  4.57853e-10 -3.51936e-10 -2.11568e-08 -3.86842e-07 -0.000263715 -5.36769e-05   1.0564e-06  1.53959e-07  6.06257e-22 -1.68839e-18 -2.40829e-07 -4.84587e-08 -1.48801e-07  2.92424e-08 -2.76372e-07  5.08985e-07  2.79725e-08  9.21919e-08
-2.40523e-10  4.57853e-10   4.6832e-07 -1.44316e-12  5.92322e-12  1.48583e-09  5.89914e-07  7.10535e-08 -1.06913e-08 -2.65855e-10 -3.98117e-23 -1.87274e-21  2.15523e-09  2.16258e-10  -2.2075e-10 -1.62766e-10  7.72531e-10 -2.93715e-09 -5.62193e-10 -4.77934e-10
-3.18326e-10 -3.51936e-10 -1.44316e-12  1.40625e-05 -5.75234e-11 -8.87165e-10 -9.21289e-07  1.70361e-08 -1.69011e-09 -1.28656e-08 -1.57131e-24 -3.50832e-21 -7.92751e-10  8.52639e-09  8.96835e-10  3.71159e-11 -1.85907e-09  1.05005e-09  3.83389e-11  2.12383e-09
 -9.2788e-09 -2.11568e-08  5.92322e-12 -5.75234e-11    0.0686867 -1.48446e-08 -1.05104e-05 -7.37087e-06    3.218e-08  -1.8698e-09 -1.87755e-22 -1.20783e-19 -1.17548e-08 -5.35346e-09 -1.91838e-08  2.99933e-10 -2.16279e-08   1.4729e-08   1.8139e-10  1.38213e-09
 1.60064e-07 -3.86842e-07  1.48583e-09 -8.87165e-10 -1.48446e-08    0.0333416 -0.000877688  -5.2883e-05  3.38644e-06 -4.11813e-07  1.58175e-20  1.40895e-19 -1.40785e-06 -9.10228e-08  4.09966e-07  1.21877e-07 -1.51272e-06  2.20181e-06  2.33068e-07  3.64489e-07
 1.17236e-05 -0.000263715  5.89914e-07 -9.21289e-07 -1.05104e-05 -0.000877688       225624   -0.0324222   0.00132369  -0.00041843  7.35858e-18  2.36764e-16 -0.000864319 -2.70485e-05  0.000554595  7.79979e-05  -0.00092892   0.00139087  9.48175e-05  0.000228388
-1.74155e-05 -5.36769e-05  7.10535e-08  1.70361e-08 -7.37087e-06  -5.2883e-05   -0.0324222       113906  0.000165515  4.14391e-05  1.82791e-19 -1.63918e-16 -2.75742e-05  -2.2606e-05 -3.25177e-05  3.48884e-06 -1.51552e-05  7.19448e-05     5.65e-06  5.80466e-06
-3.42368e-07   1.0564e-06 -1.06913e-08 -1.69011e-09    3.218e-08  3.38644e-06   0.00132369  0.000165515     0.262628 -6.23179e-07 -1.11011e-19 -3.47713e-19   5.8592e-06  5.77191e-07  -5.1412e-07 -3.35811e-07  1.70652e-06  -6.7419e-06 -1.08688e-06 -1.00005e-06
 1.84399e-07  1.53959e-07 -2.65855e-10 -1.28656e-08  -1.8698e-09 -4.11813e-07  -0.00041843  4.14391e-05 -6.23179e-07     0.262649  1.29521e-22  1.33004e-18 -4.30793e-07  5.01994e-06  4.67544e-07  3.23989e-08 -1.00754e-06  5.79687e-07  4.05845e-08  1.27659e-06
-2.62844e-21  6.06257e-22 -3.98117e-23 -1.57131e-24 -1.87755e-22  1.58175e-20  7.35858e-18  1.82791e-19 -1.11011e-19  1.29521e-22  1.40625e-27  -1.3811e-32  3.68866e-20  2.38383e-21 -9.77867e-21 -1.55507e-21  9.38566e-21 -2.92856e-20 -3.75906e-21 -4.71822e-21
-1.79054e-18 -1.68839e-18 -1.87274e-21 -3.50832e-21 -1.20783e-19  1.40895e-19  2.36764e-16 -1.63918e-16 -3.47713e-19  1.33004e-18  -1.3811e-32  4.01996e-22  3.47862e-20 -3.86326e-19 -6.11587e-19  -1.4215e-19  1.14671e-19 -8.89994e-19 -1.65154e-19 -2.53197e-19
 1.72044e-07 -2.40829e-07  2.15523e-09 -7.92751e-10 -1.17548e-08 -1.40785e-06 -0.000864319 -2.75742e-05   5.8592e-06 -4.30793e-07  3.68866e-20  3.47862e-20    0.0325343 -1.14578e-07  6.68351e-07  1.18227e-07 -1.53352e-06  2.16001e-06 -5.62381e-07  3.58234e-07
-2.46211e-08 -4.84587e-08  2.16258e-10  8.52639e-09 -5.35346e-09 -9.10228e-08 -2.70485e-05  -2.2606e-05  5.77191e-07  5.01994e-06  2.38383e-21 -3.86326e-19 -1.14578e-07    0.0571189 -5.12043e-09  6.17262e-09 -1.69097e-08   1.1561e-07  2.87756e-08  -4.1389e-06
 8.31819e-08 -1.48801e-07  -2.2075e-10  8.96835e-10 -1.91838e-08  4.09966e-07  0.000554595 -3.25177e-05  -5.1412e-07  4.67544e-07 -9.77867e-21 -6.11587e-19  6.68351e-07 -5.12043e-09     0.136272 -4.47166e-08  2.38818e-07 -7.77131e-07 -1.10011e-07  -1.3533e-07
-2.20888e-08  2.92424e-08 -1.62766e-10  3.71159e-11  2.99933e-10  1.21877e-07  7.79979e-05  3.48884e-06 -3.35811e-07  3.23989e-08 -1.55507e-21  -1.4215e-19  1.18227e-07  6.17262e-09 -4.47166e-08   0.00143517  1.33057e-07 -2.10167e-07 -2.37017e-08 -3.62642e-08
 5.13486e-07 -2.76372e-07  7.72531e-10 -1.85907e-09 -2.16279e-08 -1.51272e-06  -0.00092892 -1.51552e-05  1.70652e-06 -1.00754e-06  9.38566e-21  1.14671e-19 -1.53352e-06 -1.69097e-08  2.38818e-07  1.33057e-07     0.127474  2.36731e-06  1.55152e-07  3.95789e-07
-3.66608e-07  5.08985e-07 -2.93715e-09  1.05005e-09   1.4729e-08  2.20181e-06   0.00139087  7.19448e-05  -6.7419e-06  5.79687e-07 -2.92856e-20 -8.89994e-19  2.16001e-06   1.1561e-07 -7.77131e-07 -2.10167e-07  2.36731e-06    0.0271687 -4.50817e-07   -6.332e-07
-4.25336e-08  2.79725e-08 -5.62193e-10  3.83389e-11   1.8139e-10  2.33068e-07  9.48175e-05     5.65e-06 -1.08688e-06  4.05845e-08 -3.75906e-21 -1.65154e-19 -5.62381e-07  2.87756e-08 -1.10011e-07 -2.37017e-08  1.55152e-07 -4.50817e-07   0.00357666 -7.02762e-08
-5.31439e-08  9.21919e-08 -4.77934e-10  2.12383e-09  1.38213e-09  3.64489e-07  0.000228388  5.80466e-06 -1.00005e-06  1.27659e-06 -4.71822e-21 -2.53197e-19  3.58234e-07  -4.1389e-06  -1.3533e-07 -3.62642e-08  3.95789e-07   -6.332e-07 -7.02762e-08   0.00707496
* row and column names
af_m
af_p
alpha_m
alpha_p
auf_m
auf_p
den_m
den_p
n_m
n_p
perm_m
perm_p
por_m
por_p
tcd_m
tcd_p
tcs_m
tcs_p
wr_m
wr_p
