    20    20     1
    0.316148  -7.8147e-07 -1.10261e-10 -1.85615e-09 -3.38222e-08  2.17976e-07   0.00928085   0.00987886 -5.33369e-07 -2.52077e-07  6.97882e-21  4.17067e-18  7.89442e-08  2.08699e-08  1.86373e-07 -2.02241e-08  7.75134e-07 -4.76557e-07 -5.52732e-08 -8.56315e-08
 -7.8147e-07     0.318553  2.24301e-09 -8.09507e-08 -5.93221e-08 -1.44128e-06     0.112643     0.121342  8.61627e-06 -1.43604e-05 -2.48379e-21  6.78305e-17 -1.39516e-06  7.74763e-07 -1.14778e-06  1.19323e-07 -7.98839e-07  2.70942e-06  1.36801e-07 -1.26725e-07
-1.10261e-10  2.24301e-09   4.6832e-07  3.78323e-12 -1.23164e-11  6.88721e-10  4.57378e-06  4.58898e-06 -1.41026e-08  9.87453e-11  1.71499e-23 -1.43165e-20  2.90498e-09  6.92851e-11  1.26451e-10 -5.82668e-11  3.49573e-10 -1.50444e-09 -3.98655e-10 -2.64487e-10
-1.85615e-09 -8.09507e-08  3.78323e-12  1.40581e-05  4.81834e-10 -1.16926e-10     0.001003   0.00108269 -4.08753e-09  -6.7093e-07 -2.00704e-21 -5.20377e-19  -3.2629e-10  1.96392e-07 -2.75374e-09  8.95603e-10 -1.07419e-08  1.72622e-08 -5.42585e-10  1.06085e-08
-3.38222e-08 -5.93221e-08 -1.23164e-11  4.81834e-10    0.0686867  4.97634e-09   0.00102683   0.00110109 -1.08401e-08  1.78701e-09  7.77679e-22  5.07497e-19 -1.01831e-08  -2.1056e-08 -2.51642e-08 -1.80255e-09 -2.72013e-08 -1.14691e-08 -3.86668e-09 -3.45173e-09
 2.17976e-07 -1.44128e-06  6.88721e-10 -1.16926e-10  4.97634e-09    0.0333423  -0.00225414  -0.00183983   2.7986e-06 -1.24295e-06   1.3087e-20  1.95589e-17 -6.26426e-07  -1.8856e-07  5.82927e-08  4.55439e-08 -9.31884e-07   1.2131e-06  1.24486e-07   1.3066e-07
  0.00928085     0.112643  4.57378e-06     0.001003   0.00102683  -0.00225414       220710     -5241.41    0.0261418     0.138571  1.25715e-16 -1.11603e-13  0.000263696   -0.0146543  -0.00513112  -0.00014118   0.00489707   0.00058188   0.00125805   0.00492238
  0.00987886     0.121342  4.58898e-06   0.00108269   0.00110109  -0.00183983     -5241.41       108316    0.0267356     0.150117  1.30396e-16 -1.22002e-13  0.000922119   -0.0157047  -0.00625236 -0.000193886   0.00609628 -0.000556321   0.00128884   0.00518459
-5.33369e-07  8.61627e-06 -1.41026e-08 -4.08753e-09 -1.08401e-08   2.7986e-06    0.0261418    0.0267356     0.262598 -3.47619e-06  2.96386e-21 -5.38659e-17  8.59012e-06  1.15844e-06  7.94475e-07 -2.26598e-07   1.6628e-06 -6.33054e-06 -1.12683e-06 -1.05504e-06
-2.52077e-07 -1.43604e-05  9.87453e-11  -6.7093e-07  1.78701e-09 -1.24295e-06     0.138571     0.150117 -3.47619e-06     0.262528 -2.70814e-19  1.73915e-17 -1.05807e-07  3.56946e-05 -9.35213e-07  1.23491e-07 -2.77168e-06    2.611e-06 -9.36943e-08  2.55372e-06
 6.97882e-21 -2.48379e-21  1.71499e-23 -2.00704e-21  7.77679e-22   1.3087e-20  1.25715e-16  1.30396e-16  2.96386e-21 -2.70814e-19  1.40624e-27  -2.8766e-30 -3.81557e-21  9.87058e-20  2.03063e-21    5.388e-23  2.08674e-20 -1.68764e-20 -1.01237e-21  4.96778e-21
 4.17067e-18  6.78305e-17 -1.43165e-20 -5.20377e-19  5.07497e-19  1.95589e-17 -1.11603e-13 -1.22002e-13 -5.38659e-17  1.73915e-17  -2.8766e-30  4.01992e-22  1.50168e-17  1.61775e-17  1.07612e-17 -5.85505e-19  1.97604e-17 -1.79719e-17 -1.52193e-18 -8.74354e-19
 7.89442e-08 -1.39516e-06  2.90498e-09  -3.2629e-10 -1.01831e-08 -6.26426e-07  0.000263696  0.000922119  8.59012e-06 -1.05807e-07 -3.81557e-21  1.50168e-17    0.0325328 -7.87662e-08  2.11535e-07   4.0416e-08 -9.86987e-07  8.75165e-07  -7.0241e-07  1.91326e-07
 2.08699e-08  7.74763e-07  6.92851e-11  1.96392e-07  -2.1056e-08  -1.8856e-07   -0.0146543   -0.0157047  1.15844e-06  3.56946e-05  9.87058e-20  1.61775e-17 -7.87662e-08    0.0571107  1.08109e-07 -1.72508e-09  1.47905e-09   8.5614e-08  7.71137e-08 -4.28321e-06
 1.86373e-07 -1.14778e-06  1.26451e-10 -2.75374e-09 -2.51642e-08  5.82927e-08  -0.00513112  -0.00625236  7.94475e-07 -9.35213e-07  2.03063e-21  1.07612e-17  2.11535e-07  1.08109e-07     0.136271  -1.0269e-08 -1.25272e-07  -2.4469e-07 -5.44868e-08 -4.93815e-08
-2.02241e-08  1.19323e-07 -5.82668e-11  8.95603e-10 -1.80255e-09  4.55439e-08  -0.00014118 -0.000193886 -2.26598e-07  1.23491e-07    5.388e-23 -5.85505e-19   4.0416e-08 -1.72508e-09  -1.0269e-08   0.00143518  6.61846e-08 -1.02123e-07 -1.01679e-08 -1.08015e-08
 7.75134e-07 -7.98839e-07  3.49573e-10 -1.07419e-08 -2.72013e-08 -9.31884e-07   0.00489707   0.00609628   1.6628e-06 -2.77168e-06  2.08674e-20  1.97604e-17 -9.86987e-07  1.47905e-09 -1.25272e-07  6.61846e-08     0.127474  1.91747e-06  1.02241e-07  1.46925e-07
-4.76557e-07  2.70942e-06 -1.50444e-09  1.72622e-08 -1.14691e-08   1.2131e-06   0.00058188 -0.000556321 -6.33054e-06    2.611e-06 -1.68764e-20 -1.79719e-17  8.75165e-07   8.5614e-08  -2.4469e-07 -1.02123e-07  1.91747e-06    0.0271697 -2.69026e-07  -2.7621e-07
-5.52732e-08  1.36801e-07 -3.98655e-10 -5.42585e-10 -3.86668e-09  1.24486e-07   0.00125805   0.00128884 -1.12683e-06 -9.36943e-08 -1.01237e-21 -1.52193e-18  -7.0241e-07  7.71137e-08 -5.44868e-08 -1.01679e-08  1.02241e-07 -2.69026e-07   0.00357669 -3.54999e-08
-8.56315e-08 -1.26725e-07 -2.64487e-10  1.06085e-08 -3.45173e-09   1.3066e-07   0.00492238   0.00518459 -1.05504e-06  2.55372e-06  4.96778e-21 -8.74354e-19  1.91326e-07 -4.28321e-06 -4.93815e-08 -1.08015e-08  1.46925e-07  -2.7621e-07 -3.54999e-08   0.00707508
* row and column names
af_m
af_p
alpha_m
alpha_p
auf_m
auf_p
den_m
den_p
n_m
n_p
perm_m
perm_p
por_m
por_p
tcd_m
tcd_p
tcs_m
tcs_p
wr_m
wr_p
