    12    12     1
 4.68324e-07  9.31327e-13  -3.6301e-10  4.57319e-10 -2.21562e-13  1.45896e-23  1.99939e-21  9.16393e-10  5.47976e-10  8.32861e-11  -1.0873e-12 -2.16851e-12
 9.31327e-13  6.24999e-06 -2.93726e-10 -6.08739e-09 -8.51466e-13  5.59367e-23 -2.07448e-20  4.51089e-10 -1.88004e-09 -8.65573e-11 -4.27055e-12  2.95295e-12
 -3.6301e-10 -2.93726e-10       7.5625  2.20297e-07 -6.49121e-10  4.08435e-20 -2.59067e-18  2.83696e-07  2.88018e-07 -1.37275e-08 -3.02309e-09 -1.07867e-09
 4.57319e-10 -6.08739e-09  2.20297e-07    0.0656532 -5.52952e-10  3.40873e-20 -5.00742e-18 -1.91036e-07  3.63991e-06  1.40332e-06 -2.50381e-09  1.61437e-09
-2.21562e-13 -8.51466e-13 -6.49121e-10 -5.52952e-10    5.625e-05  3.19865e-23 -9.69134e-22 -3.52242e-11  1.41703e-10 -1.98147e-13 -2.10789e-12  -5.3002e-13
 1.45896e-23  5.59367e-23  4.08435e-20  3.40873e-20  3.19865e-23  1.40625e-27  7.31463e-32  2.02843e-21 -9.06319e-21  -2.0775e-22  1.75559e-22   2.9328e-23
 1.99939e-21 -2.07448e-20 -2.59067e-18 -5.00742e-18 -9.69134e-22  7.31463e-32  4.01996e-22  1.52897e-18 -6.67774e-18 -1.00121e-18 -5.92299e-21  5.10172e-21
 9.16393e-10  4.51089e-10  2.83696e-07 -1.91036e-07 -3.52242e-11  2.02843e-21  1.52897e-18    0.0325299  3.71148e-07  5.72246e-08 -1.33227e-10 -5.01768e-10
 5.47976e-10 -1.88004e-09  2.88018e-07  3.63991e-06  1.41703e-10 -9.06319e-21 -6.67774e-18  3.71148e-07    0.0298382 -1.16831e-06  6.76226e-10  1.54696e-09
 8.32861e-11 -8.65573e-11 -1.37275e-08  1.40332e-06 -1.98147e-13  -2.0775e-22 -1.00121e-18  5.72246e-08 -1.16831e-06   0.00193563  2.38915e-11  2.55901e-10
 -1.0873e-12 -4.27055e-12 -3.02309e-09 -2.50381e-09 -2.10789e-12  1.75559e-22 -5.92299e-21 -1.33227e-10  6.76226e-10  2.38915e-11     0.000225 -1.97922e-12
-2.16851e-12  2.95295e-12 -1.07867e-09  1.61437e-09  -5.3002e-13   2.9328e-23  5.10172e-21 -5.01768e-10  1.54696e-09  2.55901e-10 -1.97922e-12  3.51562e-06
* row and column names
alpha_m
alpha_p
b_bc
n_p
pen_s
perm_m
perm_p
por_m
por_p
wr_p
z_bg
z_s
