    12    12     1
 4.68325e-07 -3.27769e-13 -1.12247e-10 -1.53557e-10  1.05825e-13  -7.7386e-31 -4.53074e-22  6.69884e-10  -9.9627e-12 -3.82521e-12 -1.48503e-13  2.49702e-13
-3.27769e-13  6.24999e-06 -2.65721e-10  -7.2956e-09  1.25377e-12  1.22763e-28 -1.39196e-20  6.23043e-11  -6.4228e-10  3.10443e-10  -1.1459e-12  5.63424e-12
-1.12247e-10 -2.65721e-10       7.5625  2.74938e-07  7.26405e-10 -1.29711e-25  -2.6998e-18  3.06813e-07  3.04622e-07 -1.96679e-08  -7.3337e-10 -3.57386e-10
-1.53557e-10  -7.2956e-09  2.74938e-07    0.0656517  7.62497e-10  5.78466e-26 -3.71269e-18 -3.02522e-07  5.41396e-06  1.65166e-06 -7.51608e-10  2.96067e-09
 1.05825e-13  1.25377e-12  7.26405e-10  7.62497e-10    5.625e-05  1.72149e-29  1.00323e-21  8.60635e-11 -2.44482e-10  8.04961e-12 -2.32122e-13  1.61325e-13
 -7.7386e-31  1.22763e-28 -1.29711e-25  5.78466e-26  1.72149e-29  1.40625e-27  -3.4014e-37  2.15064e-26  2.95355e-26  3.45788e-27 -6.59601e-30 -9.03579e-29
-4.53074e-22 -1.39196e-20  -2.6998e-18 -3.71269e-18  1.00323e-21  -3.4014e-37  4.01996e-22  8.08244e-19 -5.47698e-18 -4.82726e-19 -1.22826e-21   8.2041e-21
 6.69884e-10  6.23043e-11  3.06813e-07 -3.02522e-07  8.60635e-11  2.15064e-26  8.08244e-19    0.0325301  2.88876e-07  3.52362e-08 -7.96641e-11 -1.00508e-09
 -9.9627e-12  -6.4228e-10  3.04622e-07  5.41396e-06 -2.44482e-10  2.95355e-26 -5.47698e-18  2.88876e-07    0.0298364 -1.38025e-06  3.07207e-10    3.243e-09
-3.82521e-12  3.10443e-10 -1.96679e-08  1.65166e-06  8.04961e-12  3.45788e-27 -4.82726e-19  3.52362e-08 -1.38025e-06   0.00193564  3.53777e-11  2.98183e-10
-1.48503e-13  -1.1459e-12  -7.3337e-10 -7.51608e-10 -2.32122e-13 -6.59601e-30 -1.22826e-21 -7.96641e-11  3.07207e-10  3.53777e-11     0.000225  3.81696e-13
 2.49702e-13  5.63424e-12 -3.57386e-10  2.96067e-09  1.61325e-13 -9.03579e-29   8.2041e-21 -1.00508e-09    3.243e-09  2.98183e-10  3.81696e-13   3.5156e-06
* row and column names
alpha_m
alpha_p
b_bc
n_p
pen_s
perm_m
perm_p
por_m
por_p
wr_p
z_bg
z_s
