    12    12     1
 4.68325e-07 -1.20984e-13 -1.57363e-11 -3.31188e-10 -1.65258e-13 -1.75002e-25 -6.71358e-22  9.70383e-10 -1.14602e-10 -1.30634e-11 -2.64919e-13 -4.40057e-14
-1.20984e-13     6.25e-06 -5.90385e-11  2.68669e-09 -1.45784e-13 -3.72657e-25 -3.69556e-21  1.40489e-10 -1.38543e-09  7.09312e-11 -8.92574e-13 -8.51712e-13
-1.57363e-11 -5.90385e-11       7.5625 -4.50581e-07 -1.33033e-10 -2.17559e-22 -5.40894e-19 -2.19839e-09 -6.00491e-08 -5.19497e-09  -1.5793e-10 -2.54599e-11
-3.31188e-10  2.68669e-09 -4.50581e-07    0.0651206 -3.37678e-09 -5.81357e-21 -2.42778e-17  3.99163e-07 -2.28392e-05 -5.66471e-06 -5.74743e-10 -1.65247e-09
-1.65258e-13 -1.45784e-13 -1.33033e-10 -3.37678e-09    5.625e-05 -1.62982e-24 -5.47333e-21  -6.6789e-11 -1.69822e-10   -3.801e-11 -1.19761e-12 -2.73576e-13
-1.75002e-25 -3.72657e-25 -2.17559e-22 -5.81357e-21 -1.62982e-24  1.40625e-27 -8.67332e-33 -9.45675e-24 -2.73232e-22 -1.77341e-23  8.60027e-25 -5.72536e-25
-6.71358e-22 -3.69556e-21 -5.40894e-19 -2.42778e-17 -5.47333e-21 -8.67332e-33  4.01996e-22  1.09923e-19 -3.45941e-18 -3.54861e-19 -6.56321e-21 -1.70668e-21
 9.70383e-10  1.40489e-10 -2.19839e-09  3.99163e-07  -6.6789e-11 -9.45675e-24  1.09923e-19    0.0325299  2.70901e-07  3.32257e-08 -1.06896e-10  -1.1311e-10
-1.14602e-10 -1.38543e-09 -6.00491e-08 -2.28392e-05 -1.69822e-10 -2.73232e-22 -3.45941e-18  2.70901e-07    0.0298381 -1.07645e-06 -7.95494e-10 -6.05257e-10
-1.30634e-11  7.09312e-11 -5.19497e-09 -5.66471e-06   -3.801e-11 -1.77341e-23 -3.54861e-19  3.32257e-08 -1.07645e-06   0.00193564 -5.02453e-11 -5.26303e-11
-2.64919e-13 -8.92574e-13  -1.5793e-10 -5.74743e-10 -1.19761e-12  8.60027e-25 -6.56321e-21 -1.06896e-10 -7.95494e-10 -5.02453e-11     0.000225 -3.41727e-13
-4.40057e-14 -8.51712e-13 -2.54599e-11 -1.65247e-09 -2.73576e-13 -5.72536e-25 -1.70668e-21  -1.1311e-10 -6.05257e-10 -5.26303e-11 -3.41727e-13  3.51562e-06
* row and column names
alpha_m
alpha_p
b_bc
n_p
pen_s
perm_m
perm_p
por_m
por_p
wr_p
z_bg
z_s
