    12    12     1
 4.68325e-07 -5.91566e-14  1.81327e-11   2.7699e-11 -1.66949e-14  8.82195e-26 -1.31293e-22  6.77019e-10 -7.41179e-12 -2.51202e-12 -6.87518e-14 -2.78648e-14
-5.91566e-14  6.24999e-06  4.59014e-11 -6.46212e-09 -3.57404e-13  4.82696e-24 -9.44731e-21  1.72753e-10  -1.7406e-10  3.77199e-10 -1.26303e-12  8.40612e-13
 1.81327e-11  4.59014e-11       7.5625  2.46772e-07 -3.65474e-10   5.2354e-21 -2.16964e-18  3.69162e-07  3.84018e-07 -1.45172e-08 -1.21561e-09 -5.16072e-11
  2.7699e-11 -6.46212e-09  2.46772e-07    0.0656517 -3.25847e-10  4.64713e-21 -2.05691e-18 -2.08347e-07  5.57356e-06  1.67292e-06 -1.20716e-09  1.04743e-09
-1.66949e-14 -3.57404e-13 -3.65474e-10 -3.25847e-10    5.625e-05  2.82309e-24 -3.49055e-22  2.45854e-12  1.51191e-10  3.67146e-12 -6.99778e-13 -2.36466e-13
 8.82195e-26  4.82696e-24   5.2354e-21  4.64713e-21  2.82309e-24  1.40625e-27   4.7237e-33 -1.49881e-22  -2.2956e-21 -3.93126e-23  7.34946e-24   4.2289e-24
-1.31293e-22 -9.44731e-21 -2.16964e-18 -2.05691e-18 -3.49055e-22   4.7237e-33  4.01996e-22  9.14334e-19 -4.56581e-18 -3.79875e-19 -1.09478e-21 -4.29745e-22
 6.77019e-10  1.72753e-10  3.69162e-07 -2.08347e-07  2.45854e-12 -1.49881e-22  9.14334e-19    0.0325301   2.9553e-07  3.64052e-08 -5.88872e-12 -9.18609e-10
-7.41179e-12  -1.7406e-10  3.84018e-07  5.57356e-06  1.51191e-10  -2.2956e-21 -4.56581e-18   2.9553e-07    0.0298364 -1.37556e-06  5.22027e-10  1.34839e-09
-2.51202e-12  3.77199e-10 -1.45172e-08  1.67292e-06  3.67146e-12 -3.93126e-23 -3.79875e-19  3.64052e-08 -1.37556e-06   0.00193564  2.01735e-11  9.78988e-11
-6.87518e-14 -1.26303e-12 -1.21561e-09 -1.20716e-09 -6.99778e-13  7.34946e-24 -1.09478e-21 -5.88872e-12  5.22027e-10  2.01735e-11     0.000225 -8.02799e-13
-2.78648e-14  8.40612e-13 -5.16072e-11  1.04743e-09 -2.36466e-13   4.2289e-24 -4.29745e-22 -9.18609e-10  1.34839e-09  9.78988e-11 -8.02799e-13  3.51561e-06
* row and column names
alpha_m
alpha_p
b_bc
n_p
pen_s
perm_m
perm_p
por_m
por_p
wr_p
z_bg
z_s
