    12    12     1
 4.68324e-07 -1.61903e-12 -2.23514e-10  1.57803e-09  7.57948e-14 -1.54572e-23  3.94209e-21  7.85807e-10  8.44998e-11 -6.07136e-12  1.57456e-13 -1.92323e-12
-1.61903e-12  6.24999e-06  4.75793e-10  5.69076e-09  1.64969e-13 -3.70579e-23 -8.28467e-21  -2.2387e-10 -1.42871e-09  6.70391e-11  3.36897e-13 -5.30601e-12
-2.23514e-10  4.75793e-10       7.5625  1.45027e-06  3.17656e-11 -4.83765e-21  1.08556e-17 -1.66235e-07  5.50273e-07  3.58954e-08   6.4069e-11   1.2104e-10
 1.57803e-09  5.69076e-09  1.45027e-06    0.0651354  -8.1567e-10  3.20286e-19 -3.24611e-17  8.05585e-07 -2.46056e-05 -5.48586e-06 -1.73972e-09  5.59316e-09
 7.57948e-14  1.64969e-13  3.17656e-11  -8.1567e-10    5.625e-05 -9.49424e-26 -6.18463e-22  2.27233e-11 -3.15883e-11  7.21332e-13 -7.87542e-13  2.73691e-13
-1.54572e-23 -3.70579e-23 -4.83765e-21  3.20286e-19 -9.49424e-26  1.40625e-27  1.03741e-31  -2.3433e-21  1.61269e-20  1.43336e-21  7.97398e-25 -5.77331e-23
 3.94209e-21 -8.28467e-21  1.08556e-17 -3.24611e-17 -6.18463e-22  1.03741e-31  4.01996e-22  2.85006e-18 -1.00955e-17 -6.71506e-19 -1.25926e-21 -1.32638e-21
 7.85807e-10  -2.2387e-10 -1.66235e-07  8.05585e-07  2.27233e-11  -2.3433e-21  2.85006e-18    0.0325298  3.68935e-07  4.03036e-08  3.85843e-11  -6.6929e-10
 8.44998e-11 -1.42871e-09  5.50273e-07 -2.46056e-05 -3.15883e-11  1.61269e-20 -1.00955e-17  3.68935e-07    0.0298377 -1.11854e-06 -6.77148e-11 -7.53571e-11
-6.07136e-12  6.70391e-11  3.58954e-08 -5.48586e-06  7.21332e-13  1.43336e-21 -6.71506e-19  4.03036e-08 -1.11854e-06   0.00193564  1.54817e-12   -3.217e-12
 1.57456e-13  3.36897e-13   6.4069e-11 -1.73972e-09 -7.87542e-13  7.97398e-25 -1.25926e-21  3.85843e-11 -6.77148e-11  1.54817e-12     0.000225  5.66787e-13
-1.92323e-12 -5.30601e-12   1.2104e-10  5.59316e-09  2.73691e-13 -5.77331e-23 -1.32638e-21  -6.6929e-10 -7.53571e-11   -3.217e-12  5.66787e-13  3.51562e-06
* row and column names
alpha_m
alpha_p
b_bc
n_p
pen_s
perm_m
perm_p
por_m
por_p
wr_p
z_bg
z_s
