    12    12     1
 4.68324e-07  1.22725e-12 -2.05285e-10  5.82627e-10  6.96925e-15 -5.85072e-29  2.28989e-21  9.16297e-10  5.21824e-10  8.25726e-11 -7.28386e-13 -2.02593e-12
 1.22725e-12  6.24999e-06  4.37162e-10 -5.50306e-09   7.0233e-14  3.04939e-28 -1.93739e-20  4.61057e-10 -2.02003e-09 -9.30534e-11 -1.92651e-12  3.58541e-12
-2.05285e-10  4.37162e-10       7.5625  3.62451e-07  1.26714e-10  -2.1565e-25 -1.97209e-18  2.60097e-07  2.89471e-07 -1.27005e-08 -3.05116e-09 -7.15297e-10
 5.82627e-10 -5.50306e-09  3.62451e-07    0.0656533  1.20435e-10  7.67669e-26 -4.55204e-18 -2.19754e-07  3.66227e-06  1.40486e-06 -2.89137e-09  1.90584e-09
 6.96925e-15   7.0233e-14  1.26714e-10  1.20435e-10    5.625e-05  6.92975e-30  7.10797e-23  1.15446e-11 -5.21942e-11 -6.32843e-12  5.44658e-13  3.21943e-14
-5.85072e-29  3.04939e-28  -2.1565e-25  7.67669e-26  6.92975e-30  1.40625e-27 -2.42504e-37 -5.52905e-26  1.22315e-25  1.76381e-26 -2.01246e-28 -2.92881e-28
 2.28989e-21 -1.93739e-20 -1.97209e-18 -4.55204e-18  7.10797e-23 -2.42504e-37  4.01996e-22  1.50295e-18  -6.7566e-18 -1.00386e-18  -4.1321e-21  5.61792e-21
 9.16297e-10  4.61057e-10  2.60097e-07 -2.19754e-07  1.15446e-11 -5.52905e-26  1.50295e-18    0.0325299  3.84074e-07  5.82682e-08 -3.53792e-10  -4.9946e-10
 5.21824e-10 -2.02003e-09  2.89471e-07  3.66227e-06 -5.21942e-11  1.22315e-25  -6.7566e-18  3.84074e-07    0.0298382 -1.16939e-06  1.03157e-09  1.47363e-09
 8.25726e-11 -9.30534e-11 -1.27005e-08  1.40486e-06 -6.32843e-12  1.76381e-26 -1.00386e-18  5.82682e-08 -1.16939e-06   0.00193563  5.38069e-11  2.50665e-10
-7.28386e-13 -1.92651e-12 -3.05116e-09 -2.89137e-09  5.44658e-13 -2.01246e-28  -4.1321e-21 -3.53792e-10  1.03157e-09  5.38069e-11     0.000225 -1.27509e-12
-2.02593e-12  3.58541e-12 -7.15297e-10  1.90584e-09  3.21943e-14 -2.92881e-28  5.61792e-21  -4.9946e-10  1.47363e-09  2.50665e-10 -1.27509e-12  3.51562e-06
* row and column names
alpha_m
alpha_p
b_bc
n_p
pen_s
perm_m
perm_p
por_m
por_p
wr_p
z_bg
z_s
