    20    20     1
   0.0624995 -4.83576e-07  2.79061e-09 -1.79237e-07  6.13579e-09 -2.23759e-07 -9.17396e-05  5.78258e-05    2.799e-06 -3.91793e-06 -1.16573e-16 -1.43307e-15 -1.33313e-07  9.18817e-08  5.33036e-07  6.22502e-07  3.51225e-06  2.25491e-06 -4.15733e-08 -1.46373e-08
-4.83576e-07     0.062499  5.09185e-09 -3.43685e-07  3.74475e-09 -5.90343e-07 -0.000109659  6.18571e-05  3.82808e-06 -8.84274e-06 -1.51564e-16  7.49127e-17  -3.0171e-07  1.61776e-07  4.25496e-07   1.4482e-06  5.12727e-07  6.00122e-06 -3.83174e-08 -8.13584e-08
 2.79061e-09  5.09185e-09  5.05357e-06  1.25509e-09 -1.60608e-09  5.81157e-08  9.63396e-06 -1.29546e-06 -1.77913e-06  4.38613e-07  5.39313e-18 -7.52542e-17  3.00749e-07  6.09264e-08  -1.7267e-07 -4.04994e-07 -1.33029e-06 -9.58788e-07  -2.8482e-07 -2.15522e-08
-1.79237e-07 -3.43685e-07  1.25509e-09  0.000505992  7.43278e-10 -1.54917e-07 -3.36991e-05   8.7343e-05  6.43875e-07 -6.40539e-06 -1.35549e-16 -3.08244e-15  9.08594e-09  5.49997e-07  1.26717e-07  1.08903e-06 -6.13259e-07  2.32703e-06 -1.27832e-07  8.15753e-08
 6.13579e-09  3.74475e-09 -1.60608e-09  7.43278e-10     0.030625  1.51021e-08  3.61431e-06 -3.93664e-06 -2.63474e-07  1.12005e-07    2.367e-18 -3.80649e-17  5.61018e-08 -1.27268e-09  -4.4782e-08 -8.73932e-08 -3.55292e-07 -2.10082e-07 -5.97062e-08 -2.91463e-09
-2.23759e-07 -5.90343e-07  5.81157e-08 -1.54917e-07  1.51021e-08     0.030624  -0.00016441 -1.97188e-05  1.14737e-05 -8.41141e-06 -5.21497e-17  4.30107e-15 -2.38476e-06  1.29409e-08   1.4767e-06  4.07894e-06  9.85948e-06  1.18701e-05  2.09595e-06  7.07461e-08
-9.17396e-05 -0.000109659  9.63396e-06 -3.36991e-05  3.61431e-06  -0.00016441      30624.9  -0.00117576   0.00285192  -0.00177163 -1.17105e-14  3.11983e-13 -0.000373156  5.21926e-05  0.000345875  0.000728467   0.00276797   0.00210767  0.000297288  -5.1364e-06
 5.78258e-05  6.18571e-05 -1.29546e-06   8.7343e-05 -3.93664e-06 -1.97188e-05  -0.00117576       105625 -0.000230559  0.000499754  7.75772e-14  4.53123e-12 -6.22173e-05  2.77697e-05 -3.75435e-05 -0.000501673  0.000351708 -0.000356938  3.42705e-05 -1.31521e-05
   2.799e-06  3.82808e-06 -1.77913e-06  6.43875e-07 -2.63474e-07  1.14737e-05   0.00285192 -0.000230559     0.236766  7.68136e-05 -5.56665e-15 -1.24975e-14  6.90977e-05  7.10963e-05 -2.72786e-05 -6.80675e-05 -0.000229593 -0.000174455 -8.89044e-06 -3.62228e-06
-3.91793e-06 -8.84274e-06  4.38613e-07 -6.40539e-06  1.12005e-07 -8.41141e-06  -0.00177163  0.000499754  7.68136e-05     0.237346 -3.46834e-15  1.42508e-14 -1.49531e-05  3.03009e-05  1.16963e-05  3.61396e-05  6.16787e-05  0.000107696  1.07304e-05  6.30677e-06
-1.16573e-16 -1.51564e-16  5.39313e-18 -1.35549e-16    2.367e-18 -5.21497e-17 -1.17105e-14  7.75772e-14 -5.56665e-15 -3.46834e-15  5.83718e-24 -3.11431e-24  4.88782e-17  1.24595e-15   2.9929e-16  1.11337e-15  1.39762e-15   1.7236e-15  3.37244e-16  6.63186e-17
-1.43307e-15  7.49127e-17 -7.52542e-17 -3.08244e-15 -3.80649e-17  4.30107e-15  3.11983e-13  4.53123e-12 -1.24975e-14  1.42508e-14 -3.11431e-24  6.09945e-20  8.78309e-15 -1.95369e-15 -1.34451e-15  1.42762e-14 -3.40536e-14 -1.17014e-14 -6.18087e-15  2.49583e-16
-1.33313e-07  -3.0171e-07  3.00749e-07  9.08594e-09  5.61018e-08 -2.38476e-06 -0.000373156 -6.22173e-05  6.90977e-05 -1.49531e-05  4.88782e-17  8.78309e-15    0.0156104 -5.14866e-07  5.82918e-06  1.35853e-05  4.45768e-05  3.35646e-05  7.97313e-06  6.05722e-07
 9.18817e-08  1.61776e-07  6.09264e-08  5.49997e-07 -1.27268e-09  1.29409e-08  5.21926e-05  2.77697e-05  7.10963e-05  3.03009e-05  1.24595e-15 -1.95369e-15 -5.14866e-07    0.0263884 -2.24269e-07 -5.91987e-07 -7.60736e-07 -3.03881e-06 -2.09419e-06 -1.42837e-06
 5.33036e-07  4.25496e-07  -1.7267e-07  1.26717e-07  -4.4782e-08   1.4767e-06  0.000345875 -3.75435e-05 -2.72786e-05  1.16963e-05   2.9929e-16 -1.34451e-15  5.82918e-06 -2.24269e-07     0.062495 -9.52196e-06 -3.61036e-05  -2.3538e-05 -6.44831e-06  -3.3133e-07
 6.22502e-07   1.4482e-06 -4.04994e-07  1.08903e-06 -8.73932e-08  4.07894e-06  0.000728467 -0.000501673 -6.80675e-05  3.61396e-05  1.11337e-15  1.42762e-14  1.35853e-05 -5.91987e-07 -9.52196e-06    0.0599911 -6.47267e-05 -6.73006e-05 -1.38555e-05 -1.25418e-06
 3.51225e-06  5.12727e-07 -1.33029e-06 -6.13259e-07 -3.55292e-07  9.85948e-06   0.00276797  0.000351708 -0.000229593  6.16787e-05  1.39762e-15 -3.40536e-14  4.45768e-05 -7.60736e-07 -3.61036e-05 -6.47267e-05     0.202186 -0.000158831 -5.04201e-05 -2.25501e-06
 2.25491e-06  6.00122e-06 -9.58788e-07  2.32703e-06 -2.10082e-07  1.18701e-05   0.00210767 -0.000356938 -0.000174455  0.000107696   1.7236e-15 -1.17014e-14  3.35646e-05 -3.03881e-06  -2.3538e-05 -6.73006e-05 -0.000158831     0.105438  -3.4828e-05 -1.94448e-06
-4.15733e-08 -3.83174e-08  -2.8482e-07 -1.27832e-07 -5.97062e-08  2.09595e-06  0.000297288  3.42705e-05 -8.89044e-06  1.07304e-05  3.37244e-16 -6.18087e-15  7.97313e-06 -2.09419e-06 -6.44831e-06 -1.38555e-05 -5.04201e-05  -3.4828e-05   0.00763944  -5.9721e-07
-1.46373e-08 -8.13584e-08 -2.15522e-08  8.15753e-08 -2.91463e-09  7.07461e-08  -5.1364e-06 -1.31521e-05 -3.62228e-06  6.30677e-06  6.63186e-17  2.49583e-16  6.05722e-07 -1.42837e-06  -3.3133e-07 -1.25418e-06 -2.25501e-06 -1.94448e-06  -5.9721e-07   0.00765494
* row and column names
af_m
af_p
alpha_m
alpha_p
auf_m
auf_p
den_m
den_p
n_m
n_p
perm_m
perm_p
por_m
por_p
tcd_m
tcd_p
tcs_m
tcs_p
wr_m
wr_p
