    20    20     1
   0.0624994 -5.59788e-07   8.8694e-09  -8.7034e-08  -3.9496e-08 -2.40157e-07 -8.59137e-05 -0.000170439  3.09681e-06 -3.97729e-06 -2.79008e-17 -3.22448e-16 -3.02682e-07 -4.35158e-09  4.98589e-07  5.95435e-07  4.02743e-06  1.88844e-06  5.20738e-08 -8.96681e-08
-5.59788e-07     0.062499  2.33494e-08 -2.25498e-07 -5.22588e-08 -5.83382e-07 -0.000102896 -0.000177324  5.37019e-06  -8.9422e-06 -5.71234e-17  3.77965e-17 -7.88592e-07  6.23921e-08  6.14015e-07  1.89999e-06  2.71224e-06  6.03228e-06  3.54319e-07 -1.50844e-07
  8.8694e-09  2.33494e-08   5.0559e-06  4.35424e-09   3.9248e-11  5.78497e-08  8.69489e-06  4.13952e-06 -1.56734e-06  4.54265e-07 -8.41996e-18  5.68011e-16  2.63932e-07  8.10248e-08  -1.2074e-07 -1.60877e-07 -9.95713e-07 -5.96368e-07  -1.7281e-07 -1.42427e-08
 -8.7034e-08 -2.25498e-07  4.35424e-09  0.000506003  3.38906e-09 -8.74709e-08 -2.26906e-05 -2.92082e-05  6.30486e-07  -6.8115e-06 -8.92573e-17  2.44007e-15  1.98624e-08  7.58924e-07  5.82724e-08  7.63417e-07 -5.45568e-07  2.05303e-06  -3.7243e-08  1.24337e-07
 -3.9496e-08 -5.22588e-08   3.9248e-11  3.38906e-09     0.030625 -2.12354e-08  3.51489e-06 -4.02185e-05  1.75496e-07 -2.53561e-07  2.08896e-17 -5.57612e-16 -1.48672e-08 -4.86703e-08  -2.0661e-08 -8.93561e-08 -4.18788e-07 -1.02674e-07 -5.29601e-08 -9.62569e-09
-2.40157e-07 -5.83382e-07  5.78497e-08 -8.74709e-08 -2.12354e-08    0.0306238 -0.000175241 -0.000114273  1.23448e-05 -7.76753e-06  1.02475e-16 -9.50904e-15 -2.92229e-06 -1.57353e-07  1.57555e-06  2.57359e-06  1.24988e-05  1.06851e-05  2.11256e-06  4.13628e-08
-8.59137e-05 -0.000102896  8.69489e-06 -2.26906e-05  3.51489e-06 -0.000175241      30624.9   -0.0180822   0.00300485  -0.00153977   1.4784e-14 -1.54525e-12 -0.000448515  1.40539e-05  0.000357549  0.000484639    0.0032735   0.00181103  0.000293237  9.08902e-09
-0.000170439 -0.000177324  4.13952e-06 -2.92082e-05 -4.02185e-05 -0.000114273   -0.0180822       105625   0.00221818  -0.00119765  2.75354e-14  -1.8025e-12 -0.000175778 -0.000109019   0.00013821  0.000230287    0.0003798  0.000454821 -2.97024e-05   -1.204e-05
 3.09681e-06  5.37019e-06 -1.56734e-06  6.30486e-07  1.75496e-07  1.23448e-05   0.00300485   0.00221818     0.236803  7.74248e-05 -7.13181e-15  1.42781e-13  6.61155e-05  7.40017e-05  -2.2923e-05 -3.31802e-05 -0.000208143 -0.000122153  3.79149e-06 -2.95068e-06
-3.97729e-06  -8.9422e-06  4.54265e-07  -6.8115e-06 -2.53561e-07 -7.76753e-06  -0.00153977  -0.00119765  7.74248e-05     0.237322 -2.21958e-15 -1.40989e-14 -1.59464e-05  3.33366e-05  1.08164e-05   2.9334e-05  6.63334e-05  9.34489e-05  9.53105e-06  7.75975e-06
-2.79008e-17 -5.71234e-17 -8.41996e-18 -8.92573e-17  2.08896e-17  1.02475e-16   1.4784e-14  2.75354e-14 -7.13181e-15 -2.21958e-15  5.90727e-24  3.28148e-24  4.54354e-16  1.28276e-15 -8.12477e-17  1.58573e-16 -1.00318e-15 -3.08542e-17 -1.09379e-16  2.58147e-17
-3.22448e-16  3.77965e-17  5.68011e-16  2.44007e-15 -5.57612e-16 -9.50904e-15 -1.54525e-12  -1.8025e-12  1.42781e-13 -1.40989e-14  3.28148e-24  6.10285e-20 -3.44233e-14 -7.44935e-15  1.75684e-14  1.52152e-14  1.60236e-13  5.91144e-14  2.33822e-14  8.74965e-16
-3.02682e-07 -7.88592e-07  2.63932e-07  1.98624e-08 -1.48672e-08 -2.92229e-06 -0.000448515 -0.000175778  6.61155e-05 -1.59464e-05  4.54354e-16 -3.44233e-14     0.015609 -9.98527e-07  5.80145e-06  6.99002e-06  4.81968e-05  2.78893e-05  6.67839e-06  4.98939e-07
-4.35158e-09  6.23921e-08  8.10248e-08  7.58924e-07 -4.86703e-08 -1.57353e-07  1.40539e-05 -0.000109019  7.40017e-05  3.33366e-05  1.28276e-15 -7.44935e-15 -9.98527e-07    0.0263876  6.92967e-09 -9.23523e-07  9.94206e-07 -1.98491e-06 -1.97412e-06 -1.82164e-06
 4.98589e-07  6.14015e-07  -1.2074e-07  5.82724e-08  -2.0661e-08  1.57555e-06  0.000357549   0.00013821  -2.2923e-05  1.08164e-05 -8.12477e-17  1.75684e-14  5.80145e-06  6.92967e-09     0.062496 -4.37356e-06 -3.37119e-05 -1.65147e-05 -4.77718e-06  -2.1965e-07
 5.95435e-07  1.89999e-06 -1.60877e-07  7.63417e-07 -8.93561e-08  2.57359e-06  0.000484639  0.000230287 -3.31802e-05   2.9334e-05  1.58573e-16  1.52152e-14  6.99002e-06 -9.23523e-07 -4.37356e-06    0.0600131 -3.08516e-05  -3.1097e-05 -5.20369e-06 -3.50062e-07
 4.02743e-06  2.71224e-06 -9.95713e-07 -5.45568e-07 -4.18788e-07  1.24988e-05    0.0032735    0.0003798 -0.000208143  6.63334e-05 -1.00318e-15  1.60236e-13  4.81968e-05  9.94206e-07 -3.37119e-05 -3.08516e-05     0.202174 -0.000125664 -4.09157e-05 -1.90737e-06
 1.88844e-06  6.03228e-06 -5.96368e-07  2.05303e-06 -1.02674e-07  1.06851e-05   0.00181103  0.000454821 -0.000122153  9.34489e-05 -3.08542e-17  5.91144e-14  2.78893e-05 -1.98491e-06 -1.65147e-05  -3.1097e-05 -0.000125664       0.1055 -2.19756e-05 -1.23919e-06
 5.20738e-08  3.54319e-07  -1.7281e-07  -3.7243e-08 -5.29601e-08  2.11256e-06  0.000293237 -2.97024e-05  3.79149e-06  9.53105e-06 -1.09379e-16  2.33822e-14  6.67839e-06 -1.97412e-06 -4.77718e-06 -5.20369e-06 -4.09157e-05 -2.19756e-05   0.00764332 -4.17725e-07
-8.96681e-08 -1.50844e-07 -1.42427e-08  1.24337e-07 -9.62569e-09  4.13628e-08  9.08902e-09   -1.204e-05 -2.95068e-06  7.75975e-06  2.58147e-17  8.74965e-16  4.98939e-07 -1.82164e-06  -2.1965e-07 -3.50062e-07 -1.90737e-06 -1.23919e-06 -4.17725e-07   0.00765484
* row and column names
af_m
af_p
alpha_m
alpha_p
auf_m
auf_p
den_m
den_p
n_m
n_p
perm_m
perm_p
por_m
por_p
tcd_m
tcd_p
tcs_m
tcs_p
wr_m
wr_p
