------------------------------------------------------------------------------
OPTIMISATION ITERATION NO.        : 1

CURRENT VALUE OF MARQUARDT LAMBDA = 0 --------->

FROZEN PARAMETERS-


SINGULAR VALUES IN SOLUTION:-
        2.27904        1.09390       0.969033       0.516580
TRUNCATED SINGULAR VALUES:-


MATRIX OF EIGENVECTORS IN SOLUTION:-
       0.624060      0.0324420       0.747816      -0.224206

     -0.0705506      -0.832402     -0.0685245      -0.545375

       0.465899      -0.496354      -0.152457       0.716469

      -0.623306      -0.244308       0.642521       0.372787


Number of singular values used in solution = 4


CURRENT VALUE OF MARQUARDT LAMBDA = 0.100000 --------->

FROZEN PARAMETERS-


SINGULAR VALUES IN SOLUTION:-
        45.3498        14.4588        6.69367        1.03214
TRUNCATED SINGULAR VALUES:-


MATRIX OF EIGENVECTORS IN SOLUTION:-
   -0.000840123       0.999992     0.00350615     0.00197006

       0.102900    -0.00335167       0.994383     -0.0245472

       0.994646     0.00121088      -0.103096    -0.00699123

     0.00948447    -0.00204452      0.0236894       0.999672


Number of singular values used in solution = 4


CURRENT VALUE OF MARQUARDT LAMBDA = 0.100000 --------->

FROZEN PARAMETERS-


SINGULAR VALUES IN SOLUTION:-
        45.3498        14.4588        6.69367        1.03214
TRUNCATED SINGULAR VALUES:-


MATRIX OF EIGENVECTORS IN SOLUTION:-
   -0.000840123       0.999992     0.00350615     0.00197006

       0.102900    -0.00335167       0.994383     -0.0245472

       0.994646     0.00121088      -0.103096    -0.00699123

     0.00948447    -0.00204452      0.0236894       0.999672


Number of singular values used in solution = 4


CURRENT VALUE OF MARQUARDT LAMBDA = 1.00000 --------->

FROZEN PARAMETERS-


SINGULAR VALUES IN SOLUTION:-
        444.223        130.062        56.0092        1.32352
TRUNCATED SINGULAR VALUES:-


MATRIX OF EIGENVECTORS IN SOLUTION:-
   -8.95954e-05        1.00000    0.000349465    0.000199274

      0.0107140   -0.000347982       0.999939    -0.00251789

       0.999942    9.35901e-05     -0.0107172    -0.00127786

     0.00130478   -0.000200031     0.00250398       0.999996


Number of singular values used in solution = 4


CURRENT VALUE OF MARQUARDT LAMBDA = 1.00000 --------->

FROZEN PARAMETERS-


SINGULAR VALUES IN SOLUTION:-
        444.223        130.062        56.0092        1.32352
TRUNCATED SINGULAR VALUES:-


MATRIX OF EIGENVECTORS IN SOLUTION:-
   -8.95954e-05        1.00000    0.000349465    0.000199274

      0.0107140   -0.000347982       0.999939    -0.00251789

       0.999942    9.35901e-05     -0.0107172    -0.00127786

     0.00130478   -0.000200031     0.00250398       0.999996


Number of singular values used in solution = 4


CURRENT VALUE OF MARQUARDT LAMBDA = 10.0000 --------->

FROZEN PARAMETERS-


SINGULAR VALUES IN SOLUTION:-
        4432.96        1286.89        548.439        4.16205
TRUNCATED SINGULAR VALUES:-


MATRIX OF EIGENVECTORS IN SOLUTION:-
   -9.01469e-06        1.00000    3.49367e-05    1.99499e-05

     0.00107412   -3.49220e-05       0.999999   -0.000252143

       0.999999    9.05489e-06    -0.00107415   -0.000134139

    0.000134410   -1.99574e-05    0.000251998        1.00000


Number of singular values used in solution = 4


CURRENT VALUE OF MARQUARDT LAMBDA = 10.0000 --------->

FROZEN PARAMETERS-


SINGULAR VALUES IN SOLUTION:-
        4432.96        1286.89        548.439        4.16205
TRUNCATED SINGULAR VALUES:-


MATRIX OF EIGENVECTORS IN SOLUTION:-
   -9.01469e-06        1.00000    3.49367e-05    1.99499e-05

     0.00107412   -3.49220e-05       0.999999   -0.000252143

       0.999999    9.05489e-06    -0.00107415   -0.000134139

    0.000134410   -1.99574e-05    0.000251998        1.00000


Number of singular values used in solution = 4


CURRENT VALUE OF MARQUARDT LAMBDA = 100.000 --------->

FROZEN PARAMETERS-


SINGULAR VALUES IN SOLUTION:-
        44320.3        12855.2        5472.66        32.5391
TRUNCATED SINGULAR VALUES:-


MATRIX OF EIGENVECTORS IN SOLUTION:-
   -9.02020e-07        1.00000    3.49358e-06    1.99521e-06

    0.000107437   -3.49343e-06        1.00000   -2.52176e-05

        1.00000    9.02422e-07   -0.000107438   -1.34781e-05

    1.34808e-05   -1.99529e-06    2.52161e-05        1.00000


Number of singular values used in solution = 4


CURRENT VALUE OF MARQUARDT LAMBDA = 100.000 --------->

FROZEN PARAMETERS-


SINGULAR VALUES IN SOLUTION:-
        44320.3        12855.2        5472.66        32.5391
TRUNCATED SINGULAR VALUES:-


MATRIX OF EIGENVECTORS IN SOLUTION:-
   -9.02020e-07        1.00000    3.49358e-06    1.99521e-06

    0.000107437   -3.49343e-06        1.00000   -2.52176e-05

        1.00000    9.02422e-07   -0.000107438   -1.34781e-05

    1.34808e-05   -1.99529e-06    2.52161e-05        1.00000


Number of singular values used in solution = 4


CURRENT VALUE OF MARQUARDT LAMBDA = 1000.00 --------->

FROZEN PARAMETERS-


SINGULAR VALUES IN SOLUTION:-
        443194.        128539.        54714.8        316.309
TRUNCATED SINGULAR VALUES:-


MATRIX OF EIGENVECTORS IN SOLUTION:-
   -9.02075e-08        1.00000    3.49357e-07    1.99523e-07

    1.07440e-05   -3.49355e-07        1.00000   -2.52179e-06

        1.00000    9.02115e-08   -1.07440e-05   -1.34845e-06

    1.34848e-06   -1.99524e-07    2.52178e-06        1.00000


Number of singular values used in solution = 4


CURRENT VALUE OF MARQUARDT LAMBDA = 1000.00 --------->

FROZEN PARAMETERS-


SINGULAR VALUES IN SOLUTION:-
        443194.        128539.        54714.8        316.309
TRUNCATED SINGULAR VALUES:-


MATRIX OF EIGENVECTORS IN SOLUTION:-
   -9.02075e-08        1.00000    3.49357e-07    1.99523e-07

    1.07440e-05   -3.49355e-07        1.00000   -2.52179e-06

        1.00000    9.02115e-08   -1.07440e-05   -1.34845e-06

    1.34848e-06   -1.99524e-07    2.52178e-06        1.00000


Number of singular values used in solution = 4


------------------------------------------------------------------------------
OPTIMISATION ITERATION NO.        : 2

CURRENT VALUE OF MARQUARDT LAMBDA = 0.00000 --------->

FROZEN PARAMETERS-


SINGULAR VALUES IN SOLUTION:-
        2.89016        1.21467       0.960852       0.415106
TRUNCATED SINGULAR VALUES:-


MATRIX OF EIGENVECTORS IN SOLUTION:-
       0.488333      0.0392708       0.785312      -0.378514

       0.659548      -0.464151      -0.106619       0.581544

      -0.282550      -0.881596      0.0384943      -0.376127

      -0.496682     -0.0762210       0.608634       0.614054


Number of singular values used in solution = 4


CURRENT VALUE OF MARQUARDT LAMBDA = 0.100000 --------->

FROZEN PARAMETERS-


SINGULAR VALUES IN SOLUTION:-
        50.2004        6.16281        4.16700        1.04215
TRUNCATED SINGULAR VALUES:-


MATRIX OF EIGENVECTORS IN SOLUTION:-
    -0.00130342       0.999996     0.00217791    -0.00149448

       0.522795    -0.00136327       0.840270      -0.143632

       0.852256     0.00238856      -0.511533       0.109493

     -0.0185325     0.00105448       0.179657       0.983554


Number of singular values used in solution = 4


CURRENT VALUE OF MARQUARDT LAMBDA = 0.100000 --------->

FROZEN PARAMETERS-


SINGULAR VALUES IN SOLUTION:-
        50.2004        6.16281        4.16700        1.04215
TRUNCATED SINGULAR VALUES:-


MATRIX OF EIGENVECTORS IN SOLUTION:-
    -0.00130342       0.999996     0.00217791    -0.00149448

       0.522795    -0.00136327       0.840270      -0.143632

       0.852256     0.00238856      -0.511533       0.109493

     -0.0185325     0.00105448       0.179657       0.983554


Number of singular values used in solution = 4


CURRENT VALUE OF MARQUARDT LAMBDA = 1.00000 --------->

FROZEN PARAMETERS-


SINGULAR VALUES IN SOLUTION:-
        492.862        37.4793        34.2754        1.77974
TRUNCATED SINGULAR VALUES:-


MATRIX OF EIGENVECTORS IN SOLUTION:-
   -0.000133442        1.00000    0.000213697   -0.000146219

       0.289881   -0.000169006       0.956809     -0.0220233

       0.957060    0.000190288      -0.289857     0.00434350

     0.00222768    0.000141706      0.0223367       0.999748


Number of singular values used in solution = 4


CURRENT VALUE OF MARQUARDT LAMBDA = 1.00000 --------->

FROZEN PARAMETERS-


SINGULAR VALUES IN SOLUTION:-
        492.862        37.4793        34.2754        1.77974
TRUNCATED SINGULAR VALUES:-


MATRIX OF EIGENVECTORS IN SOLUTION:-
   -0.000133442        1.00000    0.000213697   -0.000146219

       0.289881   -0.000169006       0.956809     -0.0220233

       0.957060    0.000190288      -0.289857     0.00434350

     0.00222768    0.000141706      0.0223367       0.999748


Number of singular values used in solution = 4


CURRENT VALUE OF MARQUARDT LAMBDA = 10.0000 --------->

FROZEN PARAMETERS-


SINGULAR VALUES IN SOLUTION:-
        4919.48        354.399        332.838        7.91903
TRUNCATED SINGULAR VALUES:-


MATRIX OF EIGENVECTORS IN SOLUTION:-
   -1.33740e-05        1.00000    2.13308e-05   -1.45904e-05

      0.0411838   -2.07953e-05       0.999149    -0.00229838

       0.999152    1.42385e-05     -0.0411843   -0.000184885

    0.000279384    1.45452e-05     0.00228881       0.999997


Number of singular values used in solution = 4


CURRENT VALUE OF MARQUARDT LAMBDA = 10.0000 --------->

FROZEN PARAMETERS-


SINGULAR VALUES IN SOLUTION:-
        4919.48        354.399        332.838        7.91903
TRUNCATED SINGULAR VALUES:-


MATRIX OF EIGENVECTORS IN SOLUTION:-
   -1.33740e-05        1.00000    2.13308e-05   -1.45904e-05

      0.0411838   -2.07953e-05       0.999149    -0.00229838

       0.999152    1.42385e-05     -0.0411843   -0.000184885

    0.000279384    1.45452e-05     0.00228881       0.999997


Number of singular values used in solution = 4


CURRENT VALUE OF MARQUARDT LAMBDA = 100.000 --------->

FROZEN PARAMETERS-


SINGULAR VALUES IN SOLUTION:-
        49185.6        3526.05        3316.17        69.1526
TRUNCATED SINGULAR VALUES:-


MATRIX OF EIGENVECTORS IN SOLUTION:-
   -1.33770e-06        1.00000    2.13269e-06   -1.45872e-06

     0.00422644   -2.12735e-06       0.999991   -0.000229563

       0.999991    1.34666e-06    -0.00422644   -2.75526e-05

    2.85226e-05    1.45827e-06    0.000229445        1.00000


Number of singular values used in solution = 4


CURRENT VALUE OF MARQUARDT LAMBDA = 100.000 --------->

FROZEN PARAMETERS-


SINGULAR VALUES IN SOLUTION:-
        49185.6        3526.05        3316.17        69.1526
TRUNCATED SINGULAR VALUES:-


MATRIX OF EIGENVECTORS IN SOLUTION:-
   -1.33770e-06        1.00000    2.13269e-06   -1.45872e-06

     0.00422644   -2.12735e-06       0.999991   -0.000229563

       0.999991    1.34666e-06    -0.00422644   -2.75526e-05

    2.85226e-05    1.45827e-06    0.000229445        1.00000


Number of singular values used in solution = 4


CURRENT VALUE OF MARQUARDT LAMBDA = 1000.00 --------->

FROZEN PARAMETERS-


SINGULAR VALUES IN SOLUTION:-
        491847.        35242.9        33149.2        681.472
TRUNCATED SINGULAR VALUES:-


MATRIX OF EIGENVECTORS IN SOLUTION:-
   -1.33773e-07        1.00000    2.13265e-07   -1.45869e-07

    0.000423654   -2.13212e-07        1.00000   -2.29513e-05

        1.00000    1.33863e-07   -0.000423654   -2.84840e-06

    2.85812e-06    1.45865e-07    2.29501e-05        1.00000


Number of singular values used in solution = 4


CURRENT VALUE OF MARQUARDT LAMBDA = 1000.00 --------->

FROZEN PARAMETERS-


SINGULAR VALUES IN SOLUTION:-
        491847.        35242.9        33149.2        681.472
TRUNCATED SINGULAR VALUES:-


MATRIX OF EIGENVECTORS IN SOLUTION:-
   -1.33773e-07        1.00000    2.13265e-07   -1.45869e-07

    0.000423654   -2.13212e-07        1.00000   -2.29513e-05

        1.00000    1.33863e-07   -0.000423654   -2.84840e-06

    2.85812e-06    1.45865e-07    2.29501e-05        1.00000


Number of singular values used in solution = 4


------------------------------------------------------------------------------
OPTIMISATION ITERATION NO.        : 3

CURRENT VALUE OF MARQUARDT LAMBDA = 0.00000 --------->

FROZEN PARAMETERS-


SINGULAR VALUES IN SOLUTION:-
        2.52275        1.28059       0.914105       0.433699
TRUNCATED SINGULAR VALUES:-


MATRIX OF EIGENVECTORS IN SOLUTION:-
       0.538054      0.0671823       0.755186      -0.368347

       0.587446      -0.553860     -0.0844374       0.583966

      -0.386671      -0.827267       0.167958      -0.371356

       0.464640     -0.0659968      -0.627977      -0.620805


Number of singular values used in solution = 4


CURRENT VALUE OF MARQUARDT LAMBDA = 0.100000 --------->

FROZEN PARAMETERS-
AF_M = 0.0200000


SINGULAR VALUES IN SOLUTION:-
        45.1092        2.58206        1.00561
TRUNCATED SINGULAR VALUES:-


MATRIX OF EIGENVECTORS IN SOLUTION:-
    0.000917566      -0.999992     0.00389933

       0.999597    0.000806597     -0.0283655

     -0.0283621    -0.00392378      -0.999590


Number of singular values used in solution = 3


CURRENT VALUE OF MARQUARDT LAMBDA = 0.100000 --------->

FROZEN PARAMETERS-
AF_M = 0.0200000


SINGULAR VALUES IN SOLUTION:-
        45.1092        2.58206        1.00561
TRUNCATED SINGULAR VALUES:-


MATRIX OF EIGENVECTORS IN SOLUTION:-
    0.000917566      -0.999992     0.00389933

       0.999597    0.000806597     -0.0283655

     -0.0283621    -0.00392378      -0.999590


Number of singular values used in solution = 3


CURRENT VALUE OF MARQUARDT LAMBDA = 1.00000 --------->

FROZEN PARAMETERS-
AF_M = 0.0200000


SINGULAR VALUES IN SOLUTION:-
        441.800        16.7848        1.06668
TRUNCATED SINGULAR VALUES:-


MATRIX OF EIGENVECTORS IN SOLUTION:-
    9.21831e-05       -1.00000    0.000390270

      -0.999996   -9.10764e-05     0.00283475

    -0.00283471   -0.000390530      -0.999996


Number of singular values used in solution = 3


CURRENT VALUE OF MARQUARDT LAMBDA = 1.00000 --------->

FROZEN PARAMETERS-
AF_M = 0.0200000


SINGULAR VALUES IN SOLUTION:-
        441.800        16.7848        1.06668
TRUNCATED SINGULAR VALUES:-


MATRIX OF EIGENVECTORS IN SOLUTION:-
    9.21831e-05       -1.00000    0.000390270

      -0.999996   -9.10764e-05     0.00283475

    -0.00283471   -0.000390530      -0.999996


Number of singular values used in solution = 3


CURRENT VALUE OF MARQUARDT LAMBDA = 10.0000 --------->

FROZEN PARAMETERS-
AF_M = 0.0200000


SINGULAR VALUES IN SOLUTION:-
        4408.71        158.823        1.66009
TRUNCATED SINGULAR VALUES:-


MATRIX OF EIGENVECTORS IN SOLUTION:-
    9.22256e-06       -1.00000    3.90303e-05

       -1.00000   -9.21150e-06    0.000283415

   -0.000283415   -3.90329e-05       -1.00000


Number of singular values used in solution = 3


CURRENT VALUE OF MARQUARDT LAMBDA = 10.0000 --------->

FROZEN PARAMETERS-
AF_M = 0.0200000


SINGULAR VALUES IN SOLUTION:-
        4408.71        158.823        1.66009
TRUNCATED SINGULAR VALUES:-


MATRIX OF EIGENVECTORS IN SOLUTION:-
    9.22256e-06       -1.00000    3.90303e-05

       -1.00000   -9.21150e-06    0.000283415

   -0.000283415   -3.90329e-05       -1.00000


Number of singular values used in solution = 3


CURRENT VALUE OF MARQUARDT LAMBDA = 100.000 --------->

FROZEN PARAMETERS-
AF_M = 0.0200000


SINGULAR VALUES IN SOLUTION:-
        44077.8        1579.21        7.59251
TRUNCATED SINGULAR VALUES:-


MATRIX OF EIGENVECTORS IN SOLUTION:-
    9.22299e-07       -1.00000    3.90306e-06

       -1.00000   -9.22188e-07    2.83409e-05

   -2.83409e-05   -3.90309e-06       -1.00000


Number of singular values used in solution = 3


CURRENT VALUE OF MARQUARDT LAMBDA = 100.000 --------->

FROZEN PARAMETERS-
AF_M = 0.0200000


SINGULAR VALUES IN SOLUTION:-
        44077.8        1579.21        7.59251
TRUNCATED SINGULAR VALUES:-


MATRIX OF EIGENVECTORS IN SOLUTION:-
    9.22299e-07       -1.00000    3.90306e-06

       -1.00000   -9.22188e-07    2.83409e-05

   -2.83409e-05   -3.90309e-06       -1.00000


Number of singular values used in solution = 3


CURRENT VALUE OF MARQUARDT LAMBDA = 1000.00 --------->

FROZEN PARAMETERS-
AF_M = 0.0200000


SINGULAR VALUES IN SOLUTION:-
        440769.        15783.1        66.9165
TRUNCATED SINGULAR VALUES:-


MATRIX OF EIGENVECTORS IN SOLUTION:-
    9.22303e-08       -1.00000    3.90306e-07

       -1.00000   -9.22292e-08    2.83408e-06

   -2.83408e-06   -3.90307e-07       -1.00000


Number of singular values used in solution = 3


CURRENT VALUE OF MARQUARDT LAMBDA = 1000.00 --------->

FROZEN PARAMETERS-
AF_M = 0.0200000


SINGULAR VALUES IN SOLUTION:-
        440769.        15783.1        66.9165
TRUNCATED SINGULAR VALUES:-


MATRIX OF EIGENVECTORS IN SOLUTION:-
    9.22303e-08       -1.00000    3.90306e-07

       -1.00000   -9.22292e-08    2.83408e-06

   -2.83408e-06   -3.90307e-07       -1.00000


Number of singular values used in solution = 3


------------------------------------------------------------------------------
OPTIMISATION ITERATION NO.        : 4

CURRENT VALUE OF MARQUARDT LAMBDA = 0.00000 --------->

FROZEN PARAMETERS-


SINGULAR VALUES IN SOLUTION:-
        3.61750        1.16163       0.875340       0.449446
TRUNCATED SINGULAR VALUES:-


MATRIX OF EIGENVECTORS IN SOLUTION:-
       0.715863     -0.0381166       0.692944     -0.0769144

       0.142411      -0.722094      -0.112748       0.667524

      -0.115419      -0.686605     0.00179447      -0.717808

       0.673749      0.0755071      -0.712119      -0.182340


Number of singular values used in solution = 4


CURRENT VALUE OF MARQUARDT LAMBDA = 0.100000 --------->

FROZEN PARAMETERS-
AF_M = 0.0200000
AF_P = 0.00200000


SINGULAR VALUES IN SOLUTION:-
        38.2409        2.19569
TRUNCATED SINGULAR VALUES:-


MATRIX OF EIGENVECTORS IN SOLUTION:-
    -0.00239500       0.999997

       0.999997     0.00239500


Number of singular values used in solution = 2


CURRENT VALUE OF MARQUARDT LAMBDA = 0.100000 --------->

FROZEN PARAMETERS-
AF_M = 0.0200000
AF_P = 0.00200000


SINGULAR VALUES IN SOLUTION:-
        38.2409        2.19569
TRUNCATED SINGULAR VALUES:-


MATRIX OF EIGENVECTORS IN SOLUTION:-
    -0.00239500       0.999997

       0.999997     0.00239500


Number of singular values used in solution = 2


CURRENT VALUE OF MARQUARDT LAMBDA = 1.00000 --------->

FROZEN PARAMETERS-
AF_M = 0.0200000
AF_P = 0.00200000


SINGULAR VALUES IN SOLUTION:-
        373.341        12.9402
TRUNCATED SINGULAR VALUES:-


MATRIX OF EIGENVECTORS IN SOLUTION:-
   -0.000239533        1.00000

        1.00000    0.000239533


Number of singular values used in solution = 2


CURRENT VALUE OF MARQUARDT LAMBDA = 1.00000 --------->

FROZEN PARAMETERS-
AF_M = 0.0200000
AF_P = 0.00200000


SINGULAR VALUES IN SOLUTION:-
        373.341        12.9402
TRUNCATED SINGULAR VALUES:-


MATRIX OF EIGENVECTORS IN SOLUTION:-
   -0.000239533        1.00000

        1.00000    0.000239533


Number of singular values used in solution = 2


CURRENT VALUE OF MARQUARDT LAMBDA = 10.0000 --------->

FROZEN PARAMETERS-
AF_M = 0.0200000
AF_P = 0.00200000


SINGULAR VALUES IN SOLUTION:-
        3724.35        120.383
TRUNCATED SINGULAR VALUES:-


MATRIX OF EIGENVECTORS IN SOLUTION:-
   -2.39536e-05        1.00000

        1.00000    2.39536e-05


Number of singular values used in solution = 2


CURRENT VALUE OF MARQUARDT LAMBDA = 10.0000 --------->

FROZEN PARAMETERS-
AF_M = 0.0200000
AF_P = 0.00200000


SINGULAR VALUES IN SOLUTION:-
        3724.35        120.383
TRUNCATED SINGULAR VALUES:-


MATRIX OF EIGENVECTORS IN SOLUTION:-
   -2.39536e-05        1.00000

        1.00000    2.39536e-05


Number of singular values used in solution = 2


CURRENT VALUE OF MARQUARDT LAMBDA = 100.000 --------->

FROZEN PARAMETERS-
AF_M = 0.0200000
AF_P = 0.00200000


SINGULAR VALUES IN SOLUTION:-
        37234.4        1194.81
TRUNCATED SINGULAR VALUES:-


MATRIX OF EIGENVECTORS IN SOLUTION:-
   -2.39537e-06        1.00000

        1.00000    2.39537e-06


Number of singular values used in solution = 2


CURRENT VALUE OF MARQUARDT LAMBDA = 100.000 --------->

FROZEN PARAMETERS-
AF_M = 0.0200000
AF_P = 0.00200000


SINGULAR VALUES IN SOLUTION:-
        37234.4        1194.81
TRUNCATED SINGULAR VALUES:-


MATRIX OF EIGENVECTORS IN SOLUTION:-
   -2.39537e-06        1.00000

        1.00000    2.39537e-06


Number of singular values used in solution = 2


CURRENT VALUE OF MARQUARDT LAMBDA = 1000.00 --------->

FROZEN PARAMETERS-
AF_M = 0.0200000
AF_P = 0.00200000


SINGULAR VALUES IN SOLUTION:-
        372335.        11939.1
TRUNCATED SINGULAR VALUES:-


MATRIX OF EIGENVECTORS IN SOLUTION:-
   -2.39537e-07        1.00000

        1.00000    2.39537e-07


Number of singular values used in solution = 2


CURRENT VALUE OF MARQUARDT LAMBDA = 1000.00 --------->

FROZEN PARAMETERS-
AF_M = 0.0200000
AF_P = 0.00200000


SINGULAR VALUES IN SOLUTION:-
        372335.        11939.1
TRUNCATED SINGULAR VALUES:-


MATRIX OF EIGENVECTORS IN SOLUTION:-
   -2.39537e-07        1.00000

        1.00000    2.39537e-07


Number of singular values used in solution = 2


------------------------------------------------------------------------------
OPTIMISATION ITERATION NO.        : 5

CURRENT VALUE OF MARQUARDT LAMBDA = 0.00000 --------->

FROZEN PARAMETERS-


SINGULAR VALUES IN SOLUTION:-
        3.57720        1.06950       0.930453       0.459871
TRUNCATED SINGULAR VALUES:-


MATRIX OF EIGENVECTORS IN SOLUTION:-
       0.710621     -0.0402725       0.696842     -0.0883506

       0.102922      -0.764493     -0.0689316       0.632619

      0.0726334       0.637307      0.0597353       0.764850

       0.692206      0.0881414      -0.711401     -0.0836172


Number of singular values used in solution = 4


CURRENT VALUE OF MARQUARDT LAMBDA = 0.100000 --------->

FROZEN PARAMETERS-


SINGULAR VALUES IN SOLUTION:-
        43.3192        5.23321        2.10930       0.993275
TRUNCATED SINGULAR VALUES:-


MATRIX OF EIGENVECTORS IN SOLUTION:-
    -0.00296336       0.999994    -0.00104710    -0.00127084

       0.754731     0.00285288       0.653823     -0.0537385

       0.656021     0.00122879      -0.752567      0.0572597

     0.00300007     0.00135797      0.0784682       0.996911


Number of singular values used in solution = 4


CURRENT VALUE OF MARQUARDT LAMBDA = 0.100000 --------->

FROZEN PARAMETERS-


SINGULAR VALUES IN SOLUTION:-
        43.3192        5.23321        2.10930       0.993275
TRUNCATED SINGULAR VALUES:-


MATRIX OF EIGENVECTORS IN SOLUTION:-
    -0.00296336       0.999994    -0.00104710    -0.00127084

       0.754731     0.00285288       0.653823     -0.0537385

       0.656021     0.00122879      -0.752567      0.0572597

     0.00300007     0.00135797      0.0784682       0.996911


Number of singular values used in solution = 4


CURRENT VALUE OF MARQUARDT LAMBDA = 1.00000 --------->

FROZEN PARAMETERS-


SINGULAR VALUES IN SOLUTION:-
        424.077        21.0381        16.0440        1.05810
TRUNCATED SINGULAR VALUES:-


MATRIX OF EIGENVECTORS IN SOLUTION:-
   -0.000286253        1.00000   -9.29040e-05   -0.000128376

       0.945042    0.000299681       0.326813    -0.00936810

      -0.326897   -7.01140e-06       0.945011    -0.00959201

     0.00571813    0.000131128      0.0121273       0.999910


Number of singular values used in solution = 4


CURRENT VALUE OF MARQUARDT LAMBDA = 1.00000 --------->

FROZEN PARAMETERS-


SINGULAR VALUES IN SOLUTION:-
        424.077        21.0381        16.0440        1.05810
TRUNCATED SINGULAR VALUES:-


MATRIX OF EIGENVECTORS IN SOLUTION:-
   -0.000286253        1.00000   -9.29040e-05   -0.000128376

       0.945042    0.000299681       0.326813    -0.00936810

      -0.326897   -7.01140e-06       0.945011    -0.00959201

     0.00571813    0.000131128      0.0121273       0.999910


Number of singular values used in solution = 4


CURRENT VALUE OF MARQUARDT LAMBDA = 10.0000 --------->

FROZEN PARAMETERS-


SINGULAR VALUES IN SOLUTION:-
        4231.66        186.712        147.888        1.58084
TRUNCATED SINGULAR VALUES:-


MATRIX OF EIGENVECTORS IN SOLUTION:-
   -2.85315e-05        1.00000   -9.17892e-06   -1.28497e-05

       0.999210    2.88641e-05      0.0397363   -0.000743310

     -0.0397373    8.02107e-06       0.999209    -0.00131020

    0.000690659    1.28816e-05     0.00133870       0.999999


Number of singular values used in solution = 4


CURRENT VALUE OF MARQUARDT LAMBDA = 10.0000 --------->

FROZEN PARAMETERS-


SINGULAR VALUES IN SOLUTION:-
        4231.66        186.712        147.888        1.58084
TRUNCATED SINGULAR VALUES:-


MATRIX OF EIGENVECTORS IN SOLUTION:-
   -2.85315e-05        1.00000   -9.17892e-06   -1.28497e-05

       0.999210    2.88641e-05      0.0397363   -0.000743310

     -0.0397373    8.02107e-06       0.999209    -0.00131020

    0.000690659    1.28816e-05     0.00133870       0.999999


Number of singular values used in solution = 4


CURRENT VALUE OF MARQUARDT LAMBDA = 100.000 --------->

FROZEN PARAMETERS-


SINGULAR VALUES IN SOLUTION:-
        42307.5        1848.13        1461.68        6.78067
TRUNCATED SINGULAR VALUES:-


MATRIX OF EIGENVECTORS IN SOLUTION:-
   -2.85221e-06        1.00000   -9.16784e-07   -1.28509e-06

       0.999992    2.85576e-06     0.00398866   -7.09629e-05

    -0.00398867    9.05226e-07       0.999992   -0.000135052

    7.04237e-05    1.28541e-06    0.000135334        1.00000


Number of singular values used in solution = 4


CURRENT VALUE OF MARQUARDT LAMBDA = 100.000 --------->

FROZEN PARAMETERS-


SINGULAR VALUES IN SOLUTION:-
        42307.5        1848.13        1461.68        6.78067
TRUNCATED SINGULAR VALUES:-


MATRIX OF EIGENVECTORS IN SOLUTION:-
   -2.85221e-06        1.00000   -9.16784e-07   -1.28509e-06

       0.999992    2.85576e-06     0.00398866   -7.09629e-05

    -0.00398867    9.05226e-07       0.999992   -0.000135052

    7.04237e-05    1.28541e-06    0.000135334        1.00000


Number of singular values used in solution = 4


CURRENT VALUE OF MARQUARDT LAMBDA = 1000.00 --------->

FROZEN PARAMETERS-


SINGULAR VALUES IN SOLUTION:-
        423065.        18462.8        14599.0        58.7758
TRUNCATED SINGULAR VALUES:-


MATRIX OF EIGENVECTORS IN SOLUTION:-
   -2.85212e-07        1.00000   -9.16673e-08   -1.28510e-07

        1.00000    2.85248e-07    0.000398933   -7.06154e-06

   -0.000398933    9.15518e-08        1.00000   -1.35455e-05

    7.05614e-06    1.28513e-07    1.35483e-05        1.00000


Number of singular values used in solution = 4


CURRENT VALUE OF MARQUARDT LAMBDA = 1000.00 --------->

FROZEN PARAMETERS-


SINGULAR VALUES IN SOLUTION:-
        423065.        18462.8        14599.0        58.7758
TRUNCATED SINGULAR VALUES:-


MATRIX OF EIGENVECTORS IN SOLUTION:-
   -2.85212e-07        1.00000   -9.16673e-08   -1.28510e-07

        1.00000    2.85248e-07    0.000398933   -7.06154e-06

   -0.000398933    9.15518e-08        1.00000   -1.35455e-05

    7.05614e-06    1.28513e-07    1.35483e-05        1.00000


Number of singular values used in solution = 4


------------------------------------------------------------------------------
OPTIMISATION ITERATION NO.        : 6

CURRENT VALUE OF MARQUARDT LAMBDA = 0.00000 --------->

FROZEN PARAMETERS-


SINGULAR VALUES IN SOLUTION:-
        2.91754        1.17533       0.880996       0.482242
TRUNCATED SINGULAR VALUES:-


MATRIX OF EIGENVECTORS IN SOLUTION:-
       0.727256     -0.0436295       0.683593     -0.0435304

      0.0110438      -0.752185     -0.0178164       0.658619

       0.120321      -0.634541      -0.215151      -0.732524

       0.675647       0.172258      -0.697204       0.166540


Number of singular values used in solution = 4


CURRENT VALUE OF MARQUARDT LAMBDA = 0.100000 --------->

FROZEN PARAMETERS-


SINGULAR VALUES IN SOLUTION:-
        42.9032        4.25983        1.74288       0.998885
TRUNCATED SINGULAR VALUES:-


MATRIX OF EIGENVECTORS IN SOLUTION:-
    -0.00287021       0.999989   -0.000304963    -0.00365344

       0.806573     0.00238585       0.590372     -0.0299038

       0.587735     0.00119884      -0.806332     -0.0662907

      0.0632383     0.00381434     -0.0358944       0.997345


Number of singular values used in solution = 4


CURRENT VALUE OF MARQUARDT LAMBDA = 0.100000 --------->

FROZEN PARAMETERS-


SINGULAR VALUES IN SOLUTION:-
        42.9032        4.25983        1.74288       0.998885
TRUNCATED SINGULAR VALUES:-


MATRIX OF EIGENVECTORS IN SOLUTION:-
    -0.00287021       0.999989   -0.000304963    -0.00365344

       0.806573     0.00238585       0.590372     -0.0299038

       0.587735     0.00119884      -0.806332     -0.0662907

      0.0632383     0.00381434     -0.0358944       0.997345


Number of singular values used in solution = 4


CURRENT VALUE OF MARQUARDT LAMBDA = 1.00000 --------->

FROZEN PARAMETERS-


SINGULAR VALUES IN SOLUTION:-
        419.667        18.0115        11.2221        1.04230
TRUNCATED SINGULAR VALUES:-


MATRIX OF EIGENVECTORS IN SOLUTION:-
   -0.000282329        1.00000   -2.26285e-05   -0.000366329

       0.983696    0.000279447       0.179722    -0.00640521

      -0.179725   -2.84166e-05       0.983717    0.000177325

     0.00633268    0.000368132    0.000976734       0.999979


Number of singular values used in solution = 4


CURRENT VALUE OF MARQUARDT LAMBDA = 1.00000 --------->

FROZEN PARAMETERS-


SINGULAR VALUES IN SOLUTION:-
        419.667        18.0115        11.2221        1.04230
TRUNCATED SINGULAR VALUES:-


MATRIX OF EIGENVECTORS IN SOLUTION:-
   -0.000282329        1.00000   -2.26285e-05   -0.000366329

       0.983696    0.000279447       0.179722    -0.00640521

      -0.179725   -2.84166e-05       0.983717    0.000177325

     0.00633268    0.000368132    0.000976734       0.999979


Number of singular values used in solution = 4


CURRENT VALUE OF MARQUARDT LAMBDA = 10.0000 --------->

FROZEN PARAMETERS-


SINGULAR VALUES IN SOLUTION:-
        4187.31        161.953        99.6405        1.41724
TRUNCATED SINGULAR VALUES:-


MATRIX OF EIGENVECTORS IN SOLUTION:-
   -2.81891e-05        1.00000   -2.18667e-06   -3.66425e-05

       0.999814    2.82015e-05      0.0192654   -0.000669798

     -0.0192655    1.63734e-06       0.999814   -0.000159704

    0.000666596    3.66617e-05    0.000172579        1.00000


Number of singular values used in solution = 4


CURRENT VALUE OF MARQUARDT LAMBDA = 10.0000 --------->

FROZEN PARAMETERS-


SINGULAR VALUES IN SOLUTION:-
        4187.31        161.953        99.6405        1.41724
TRUNCATED SINGULAR VALUES:-


MATRIX OF EIGENVECTORS IN SOLUTION:-
   -2.81891e-05        1.00000   -2.18667e-06   -3.66425e-05

       0.999814    2.82015e-05      0.0192654   -0.000669798

     -0.0192655    1.63734e-06       0.999814   -0.000159704

    0.000666596    3.66617e-05    0.000172579        1.00000


Number of singular values used in solution = 4


CURRENT VALUE OF MARQUARDT LAMBDA = 100.000 --------->

FROZEN PARAMETERS-


SINGULAR VALUES IN SOLUTION:-
        41863.8        1603.32        981.884        5.15996
TRUNCATED SINGULAR VALUES:-


MATRIX OF EIGENVECTORS IN SOLUTION:-
   -2.81848e-06        1.00000   -2.17908e-07   -3.66435e-06

       0.999998    2.81865e-06     0.00193142   -6.70990e-05

    -0.00193142    2.12398e-07       0.999998   -1.79661e-05

    6.70641e-05    3.66454e-06    1.80957e-05        1.00000


Number of singular values used in solution = 4


CURRENT VALUE OF MARQUARDT LAMBDA = 100.000 --------->

FROZEN PARAMETERS-


SINGULAR VALUES IN SOLUTION:-
        41863.8        1603.32        981.884        5.15996
TRUNCATED SINGULAR VALUES:-


MATRIX OF EIGENVECTORS IN SOLUTION:-
   -2.81848e-06        1.00000   -2.17908e-07   -3.66435e-06

       0.999998    2.81865e-06     0.00193142   -6.70990e-05

    -0.00193142    2.12398e-07       0.999998   -1.79661e-05

    6.70641e-05    3.66454e-06    1.80957e-05        1.00000


Number of singular values used in solution = 4


CURRENT VALUE OF MARQUARDT LAMBDA = 1000.00 --------->

FROZEN PARAMETERS-


SINGULAR VALUES IN SOLUTION:-
        418629.        16017.1        9804.11        42.5864
TRUNCATED SINGULAR VALUES:-


MATRIX OF EIGENVECTORS IN SOLUTION:-
   -2.81843e-07        1.00000   -2.17832e-08   -3.66436e-07

        1.00000    2.81845e-07    0.000193181   -6.71089e-06

   -0.000193181    2.17281e-08        1.00000   -1.81675e-06

    6.71054e-06    3.66438e-07    1.81805e-06        1.00000


Number of singular values used in solution = 4


CURRENT VALUE OF MARQUARDT LAMBDA = 1000.00 --------->

FROZEN PARAMETERS-


SINGULAR VALUES IN SOLUTION:-
        418629.        16017.1        9804.11        42.5864
TRUNCATED SINGULAR VALUES:-


MATRIX OF EIGENVECTORS IN SOLUTION:-
   -2.81843e-07        1.00000   -2.17832e-08   -3.66436e-07

        1.00000    2.81845e-07    0.000193181   -6.71089e-06

   -0.000193181    2.17281e-08        1.00000   -1.81675e-06

    6.71054e-06    3.66438e-07    1.81805e-06        1.00000


Number of singular values used in solution = 4


