    26    26     1
    0.316144 -2.78297e-06 -1.76628e-06 -1.64689e-09 -2.69925e-09 -1.40929e-06 -1.24171e-06  -0.00094848 -0.000902565 -2.17292e-06 -7.89089e-07 -1.12381e-06 -3.50095e-08 -2.43244e-08 -2.11715e-19  -1.7433e-17 -4.58401e-07 -1.72856e-06 -1.00013e-06 -1.07597e-07 -2.17979e-06  7.28559e-07 -2.03295e-07  1.00967e-07 -9.80789e-08 -1.11559e-08
-2.78297e-06     0.318537  1.00921e-05 -5.68616e-09 -3.84724e-09 -1.51758e-06 -4.59589e-06 -0.000751206   -0.0007193  1.62067e-05 -8.06276e-06 -8.30071e-07 -1.96937e-08 -1.20118e-08 -1.46558e-19 -7.91574e-17 -5.80035e-06 -7.14013e-06 -5.95349e-07  1.49789e-08 -2.90615e-07  8.73171e-06 -1.05735e-07 -6.33506e-07  2.62868e-07 -9.32721e-09
-1.76628e-06  1.00921e-05    0.0425248  7.70175e-09 -7.55771e-09 -2.36715e-07 -4.23364e-07  -0.00217088 -0.000884958 -2.01039e-05  1.04754e-05 -9.06167e-07 -2.28397e-08 -1.58403e-08 -1.05001e-19 -3.96079e-17   1.2731e-06 -7.85907e-07 -6.93758e-07  3.74101e-08  -4.4513e-06  2.42637e-07  2.26033e-07  8.96412e-07 -3.75661e-07 -4.72411e-09
-1.64689e-09 -5.68616e-09  7.70175e-09  4.68299e-07 -8.65854e-12 -1.00769e-09  1.58663e-09  1.86484e-06  1.71372e-07  1.09936e-08  -3.2486e-08  2.73485e-09   1.5476e-12  -5.7881e-12  -5.5495e-23  6.83227e-21 -2.39734e-09 -2.39878e-10 -5.83465e-10 -9.83142e-11  6.47248e-10 -4.68491e-09 -1.46931e-09 -7.15929e-10  1.88591e-10 -6.05952e-13
-2.69925e-09 -3.84724e-09 -7.55771e-09 -8.65854e-12  1.40624e-05 -9.00853e-10   -2.604e-09 -7.28561e-06 -5.50792e-06 -8.60118e-09 -5.47217e-09 -2.19593e-09 -1.39464e-11 -2.39231e-11 -1.12826e-22 -2.89192e-19 -4.34154e-09 -3.92823e-09 -2.57517e-09 -1.76282e-10 -6.84969e-09  1.53573e-09 -4.42851e-10 -2.98804e-10 -2.96337e-10  -6.9056e-12
-1.40929e-06 -1.51758e-06 -2.36715e-07 -1.00769e-09 -9.00853e-10     0.068686 -3.33755e-07 -0.000175228 -0.000235267 -1.31129e-07 -1.12939e-06 -2.71432e-07  -1.3001e-08 -8.38531e-09 -8.05143e-20 -9.72393e-18 -3.61755e-07 -2.74674e-07 -3.80681e-07 -1.90938e-08 -1.02563e-06  3.09557e-07 -1.00685e-07  4.12774e-08 -1.87315e-08 -3.91866e-09
-1.24171e-06 -4.59589e-06 -4.23364e-07  1.58663e-09   -2.604e-09 -3.33755e-07    0.0333412  -0.00116065 -0.000374102  -1.8418e-07   2.4209e-06 -1.16284e-06 -8.89426e-09 -6.90926e-09 -5.01984e-20 -3.00971e-17 -1.06146e-06 -1.63105e-06 -3.36889e-07  3.70238e-09 -1.06945e-06  2.67155e-06  1.07724e-07 -1.32961e-08 -3.05695e-08  -3.5734e-09
 -0.00094848 -0.000751206  -0.00217088  1.86484e-06 -7.28561e-06 -0.000175228  -0.00116065       225623      -0.7042  -0.00279496   0.00361229  -0.00106415 -6.22467e-06 -6.69204e-06  -3.7356e-17 -4.05962e-14 -0.000337615 -0.000713644 -0.000330261 -1.10475e-05  -0.00136265   0.00116732  0.000101998   4.1035e-06 -8.31481e-05 -2.58403e-06
-0.000902565   -0.0007193 -0.000884958  1.71372e-07 -5.50792e-06 -0.000235267 -0.000374102      -0.7042       113905 -0.000970761  0.000672596 -0.000286612 -7.05298e-06 -5.10672e-06 -4.01549e-17 -3.01718e-14 -0.000271428 -0.000326389 -0.000217379 -4.36804e-05  -0.00087213  0.000300436  3.03833e-05  9.07105e-06 -2.88959e-05 -2.57031e-06
-2.17292e-06  1.62067e-05 -2.01039e-05  1.09936e-08 -8.60118e-09 -1.31129e-07  -1.8418e-07  -0.00279496 -0.000970761    0.0425087  1.52579e-05 -1.17518e-06 -2.67854e-08 -2.02308e-08 -1.15566e-19  -3.6137e-17  2.37219e-06 -1.45718e-06 -8.13532e-07  4.69402e-08 -5.71437e-06 -7.91667e-07  3.48791e-07  1.24556e-06 -5.30998e-07 -5.34553e-09
-7.89089e-07 -8.06276e-06  1.04754e-05  -3.2486e-08 -5.47217e-09 -1.12939e-06   2.4209e-06   0.00361229  0.000672596  1.52579e-05     0.262572  4.70917e-06  2.89033e-09    7.913e-10 -1.92103e-20  4.56934e-17 -4.58509e-06  4.21167e-06 -3.17186e-07  3.35514e-08  1.99267e-06  -4.2543e-06 -1.80888e-06 -5.36587e-07   3.1165e-07  2.10253e-09
-1.12381e-06 -8.30071e-07 -9.06167e-07  2.73485e-09 -2.19593e-09 -2.71432e-07 -1.16284e-06  -0.00106415 -0.000286612 -1.17518e-06  4.70917e-06     0.262651 -6.40872e-09 -4.77024e-09 -3.71268e-20 -2.88732e-17  7.68239e-07   1.6088e-06 -2.95567e-07 -1.43788e-07 -3.27171e-07 -1.46752e-07  5.53653e-08 -2.77559e-07 -5.76052e-08 -2.77161e-09
-3.50095e-08 -1.96937e-08 -2.28397e-08   1.5476e-12 -1.39464e-11  -1.3001e-08 -8.89426e-09 -6.22467e-06 -7.05298e-06 -2.67854e-08  2.89033e-09 -6.40872e-09  5.62496e-05 -2.17671e-10 -2.09546e-21 -2.26164e-19 -4.23737e-09 -1.35458e-08 -8.51342e-09 -5.02469e-10  -2.9603e-08  1.25842e-08  -1.3413e-09  3.20185e-09 -9.61333e-10 -9.92997e-11
-2.43244e-08 -1.20118e-08 -1.58403e-08  -5.7881e-12 -2.39231e-11 -8.38531e-09 -6.90926e-09 -6.69204e-06 -5.10672e-06 -2.02308e-08    7.913e-10 -4.77024e-09 -2.17671e-10  1.40623e-05 -1.32602e-21 -2.00846e-19 -3.69067e-09 -1.28808e-08 -5.93099e-09 -3.66094e-10 -1.84564e-08  6.65793e-09 -7.22514e-10  1.38162e-09  -7.1284e-10  -6.1714e-11
-2.11715e-19 -1.46558e-19 -1.05001e-19  -5.5495e-23 -1.12826e-22 -8.05143e-20 -5.01984e-20  -3.7356e-17 -4.01549e-17 -1.15566e-19 -1.92103e-20 -3.71268e-20 -2.09546e-21 -1.32602e-21  1.40623e-27 -1.56714e-30 -3.48117e-20 -5.47876e-20 -4.95665e-20  -3.6386e-21 -1.58445e-19  7.08807e-20 -7.72931e-21  1.41118e-20 -4.89757e-21 -5.86793e-22
 -1.7433e-17 -7.91574e-17 -3.96079e-17  6.83227e-21 -2.89192e-19 -9.72393e-18 -3.00971e-17 -4.05962e-14 -3.01718e-14  -3.6137e-17  4.56934e-17 -2.88732e-17 -2.26164e-19 -2.00846e-19 -1.56714e-30  4.01993e-22 -2.08904e-17  -1.9631e-17 -1.32162e-17 -8.58697e-19 -5.01631e-17  4.31501e-17  2.81133e-18  1.13139e-19 -1.04668e-18 -8.55271e-20
-4.58401e-07 -5.80035e-06   1.2731e-06 -2.39734e-09 -4.34154e-09 -3.61755e-07 -1.06146e-06 -0.000337615 -0.000271428  2.37219e-06 -4.58509e-06  7.68239e-07 -4.23737e-09 -3.69067e-09 -3.48117e-20 -2.08904e-17    0.0325255 -9.23585e-07 -1.24763e-07  8.58544e-08 -8.14891e-07  2.99346e-06  -7.3877e-07  1.32477e-07  3.33951e-08 -1.75334e-09
-1.72856e-06 -7.14013e-06 -7.85907e-07 -2.39878e-10 -3.92823e-09 -2.74674e-07 -1.63105e-06 -0.000713644 -0.000326389 -1.45718e-06  4.21167e-06   1.6088e-06 -1.35458e-08 -1.28808e-08 -5.47876e-20  -1.9631e-17 -9.23585e-07    0.0570532 -3.68704e-07  4.59873e-08 -2.07626e-06  4.14233e-06  2.32629e-08 -2.22752e-06 -3.91861e-08 -4.09544e-09
-1.00013e-06 -5.95349e-07 -6.93758e-07 -5.83465e-10 -2.57517e-09 -3.80681e-07 -3.36889e-07 -0.000330261 -0.000217379 -8.13532e-07 -3.17186e-07 -2.95567e-07 -8.51342e-09 -5.93099e-09 -4.95665e-20 -1.32162e-17 -1.24763e-07 -3.68704e-07     0.136273 -1.86862e-08 -8.11759e-07  1.17422e-07  -7.4695e-08 -4.33386e-09 -2.87129e-08  -2.6059e-09
-1.07597e-07  1.49789e-08  3.74101e-08 -9.83142e-11 -1.76282e-10 -1.90938e-08  3.70238e-09 -1.10475e-05 -4.36804e-05  4.69402e-08  3.35514e-08 -1.43788e-07 -5.02469e-10 -3.66094e-10  -3.6386e-21 -8.58697e-19  8.58544e-08  4.59873e-08 -1.86862e-08   0.00143516  3.20749e-08 -1.79251e-07 -1.05434e-08 -3.97498e-08 -9.88959e-10 -2.27809e-10
-2.17979e-06 -2.90615e-07  -4.4513e-06  6.47248e-10 -6.84969e-09 -1.02563e-06 -1.06945e-06  -0.00136265  -0.00087213 -5.71437e-06  1.99267e-06 -3.27171e-07  -2.9603e-08 -1.84564e-08 -1.58445e-19 -5.01631e-17 -8.14891e-07 -2.07626e-06 -8.11759e-07  3.20749e-08      0.12747  1.90347e-06 -1.18766e-07  5.83559e-07 -1.61332e-07 -7.81793e-09
 7.28559e-07  8.73171e-06  2.42637e-07 -4.68491e-09  1.53573e-09  3.09557e-07  2.67155e-06   0.00116732  0.000300436 -7.91667e-07  -4.2543e-06 -1.46752e-07  1.25842e-08  6.65793e-09  7.08807e-20  4.31501e-17  2.99346e-06  4.14233e-06  1.17422e-07 -1.79251e-07  1.90347e-06    0.0271617 -4.65932e-07 -6.62287e-07  1.02891e-08  3.83566e-09
-2.03295e-07 -1.05735e-07  2.26033e-07 -1.46931e-09 -4.42851e-10 -1.00685e-07  1.07724e-07  0.000101998  3.03833e-05  3.48791e-07 -1.80888e-06  5.53653e-08  -1.3413e-09 -7.22514e-10 -7.72931e-21  2.81133e-18  -7.3877e-07  2.32629e-08  -7.4695e-08 -1.05434e-08 -1.18766e-07 -4.65932e-07    0.0035766 -2.42244e-08  4.25701e-09  -3.1267e-10
 1.00967e-07 -6.33506e-07  8.96412e-07 -7.15929e-10 -2.98804e-10  4.12774e-08 -1.32961e-08   4.1035e-06  9.07105e-06  1.24556e-06 -5.36587e-07 -2.77559e-07  3.20185e-09  1.38162e-09  1.41118e-20  1.13139e-19  1.32477e-07 -2.22752e-06 -4.33386e-09 -3.97498e-08  5.83559e-07 -6.62287e-07 -2.42244e-08   0.00707522  2.30682e-08  5.26911e-10
-9.80789e-08  2.62868e-07 -3.75661e-07  1.88591e-10 -2.96337e-10 -1.87315e-08 -3.05695e-08 -8.31481e-05 -2.88959e-05 -5.30998e-07   3.1165e-07 -5.76052e-08 -9.61333e-10  -7.1284e-10 -4.89757e-21 -1.04668e-18  3.33951e-08 -3.91861e-08 -2.87129e-08 -9.88959e-10 -1.61332e-07  1.02891e-08  4.25701e-09  2.30682e-08  0.000224987 -2.47725e-10
-1.11559e-08 -9.32721e-09 -4.72411e-09 -6.05952e-13  -6.9056e-12 -3.91866e-09  -3.5734e-09 -2.58403e-06 -2.57031e-06 -5.34553e-09  2.10253e-09 -2.77161e-09 -9.92997e-11  -6.1714e-11 -5.86793e-22 -8.55271e-20 -1.75334e-09 -4.09544e-09  -2.6059e-09 -2.27809e-10 -7.81793e-09  3.83566e-09  -3.1267e-10  5.26911e-10 -2.47725e-10  3.51559e-06
* row and column names
af_m
af_p
albedo_bg
alpha_m
alpha_p
auf_m
auf_p
den_m
den_p
e_bg
n_m
n_p
pen_s
pen_w
perm_m
perm_p
por_m
por_p
tcd_m
tcd_p
tcs_m
tcs_p
wr_m
wr_p
z_bg
z_s
