    20    20     1
    0.316149 -9.79429e-08  1.95308e-10  3.74042e-10  7.35767e-10  3.90552e-08  0.000424134  0.000433726  3.32214e-08  4.90437e-08  6.23898e-22  1.68276e-18 -1.69624e-08 -6.47565e-08 -7.21794e-10 -3.71715e-09  1.39328e-07 -9.26571e-08 -6.28063e-09  -3.3402e-08
-9.79429e-08     0.318564  5.20312e-09 -3.48063e-09 -1.16772e-10 -3.72288e-07    0.0155987    0.0167446  1.39405e-06 -6.47156e-07 -2.04749e-20  2.29717e-17 -8.37115e-07 -2.73257e-07 -5.03959e-08  2.88353e-08  2.64892e-09  7.61112e-07  1.77494e-08  3.85032e-08
 1.95308e-10  5.20312e-09  4.68151e-07 -1.75976e-10 -2.30497e-12  6.80323e-10 -7.19834e-07 -2.69479e-07 -4.55779e-08 -3.44119e-08  9.31684e-23 -7.54336e-20  2.79436e-08    6.282e-09  1.14755e-10 -5.20242e-11 -7.25728e-10 -3.87028e-09 -7.50432e-10 -8.96218e-10
 3.74042e-10 -3.48063e-09 -1.75976e-10  1.40594e-05 -4.81243e-12  5.41496e-10  5.06823e-05  5.58526e-05 -3.74392e-08 -5.90437e-07 -1.63871e-21   1.0119e-19  1.62254e-08  2.21751e-07  1.61366e-10 -3.69416e-11 -1.66608e-09   -5.259e-09 -2.52764e-09  2.48848e-08
 7.35767e-10 -1.16772e-10 -2.30497e-12 -4.81243e-12    0.0686867  -1.2486e-09 -1.44347e-05 -1.45739e-05 -7.31093e-10 -2.30443e-09  6.81639e-23   1.5553e-20  1.30645e-10  9.93239e-10    -3.03e-10  8.65243e-11 -3.68645e-09  2.55028e-09  1.37351e-10  6.40774e-10
 3.90552e-08 -3.72288e-07  6.80323e-10  5.41496e-10  -1.2486e-09    0.0333428  0.000234768  0.000360846   1.6221e-07  4.43846e-08 -3.44844e-21  1.40497e-18 -6.84443e-08 -6.51213e-08  1.95583e-08  1.70809e-08  -2.1159e-07  4.48667e-07  3.56959e-08  7.55811e-08
 0.000424134    0.0155987 -7.19834e-07  5.06823e-05 -1.44347e-05  0.000234768       225072     -589.982 -0.000501254   0.00990493  5.23554e-17 -8.70487e-14   0.00177249   0.00280941 -7.85072e-05 -2.02197e-05  0.000401534 -8.85927e-05  0.000364875   0.00144137
 0.000433726    0.0167446 -2.69479e-07  5.58526e-05 -1.45739e-05  0.000360846     -589.982       113277 -0.000432567    0.0109403  5.53058e-17 -9.17563e-14   0.00182903   0.00292703   -0.0001116 -3.05206e-05  0.000553259 -0.000322201  0.000374029   0.00149863
 3.32214e-08  1.39405e-06 -4.55779e-08 -3.74392e-08 -7.31093e-10   1.6221e-07 -0.000501254 -0.000432567     0.262643 -7.59409e-06  3.98212e-20 -2.02984e-17   8.2765e-06  8.85997e-07  2.61652e-08 -1.94221e-08 -1.53983e-07 -1.16721e-06  2.78539e-08 -3.63192e-07
 4.90437e-08 -6.47156e-07 -3.44119e-08 -5.90437e-07 -2.30443e-09  4.43846e-08   0.00990493    0.0109403 -7.59409e-06     0.262541 -3.17146e-19   1.2496e-17  3.31446e-06  4.32927e-05  2.21436e-08 -1.08871e-08 -4.03297e-07 -1.23807e-06 -4.76547e-07  4.98802e-06
 6.23898e-22 -2.04749e-20  9.31684e-23 -1.63871e-21  6.81639e-23 -3.44844e-21  5.23554e-17  5.53058e-17  3.98212e-20 -3.17146e-19  1.40624e-27  2.23394e-31 -2.72436e-20  1.37482e-19  4.82137e-22   3.2184e-22  1.25309e-21  8.71624e-21 -7.55614e-22  1.79748e-20
 1.68276e-18  2.29717e-17 -7.54336e-20   1.0119e-19   1.5553e-20  1.40497e-18 -8.70487e-14 -9.17563e-14 -2.02984e-17   1.2496e-17  2.23394e-31  4.01995e-22  1.30006e-17 -4.41774e-19  9.00622e-19 -9.12523e-20 -3.00927e-18 -2.16626e-18  2.47083e-19  2.35503e-19
-1.69624e-08 -8.37115e-07  2.79436e-08  1.62254e-08  1.30645e-10 -6.84443e-08   0.00177249   0.00182903   8.2765e-06  3.31446e-06 -2.72436e-20  1.30006e-17    0.0325302 -7.75414e-08 -1.60639e-08  6.47547e-09  6.29278e-08  4.93227e-07 -1.20513e-06  2.34292e-07
-6.47565e-08 -2.73257e-07    6.282e-09  2.21751e-07  9.93239e-10 -6.51213e-08   0.00280941   0.00292703  8.85997e-07  4.32927e-05  1.37482e-19 -4.41774e-19 -7.75414e-08    0.0571002 -2.44739e-09  3.10738e-09  1.39875e-07  3.67358e-07  1.50959e-07  -7.0219e-06
-7.21794e-10 -5.03959e-08  1.14755e-10  1.61366e-10    -3.03e-10  1.95583e-08 -7.85072e-05   -0.0001116  2.61652e-08  2.21436e-08  4.82137e-22  9.00622e-19 -1.60639e-08 -2.44739e-09     0.136273 -1.75032e-09  1.39072e-09 -4.40843e-08 -3.95819e-09 -7.63666e-09
-3.71715e-09  2.88353e-08 -5.20242e-11 -3.69416e-11  8.65243e-11  1.70809e-08 -2.02197e-05 -3.05206e-05 -1.94221e-08 -1.08871e-08   3.2184e-22 -9.12523e-20  6.47547e-09  3.10738e-09 -1.75032e-09   0.00143518  1.73822e-08  -3.9477e-08 -3.09601e-09 -7.55832e-09
 1.39328e-07  2.64892e-09 -7.25728e-10 -1.66608e-09 -3.68645e-09  -2.1159e-07  0.000401534  0.000553259 -1.53983e-07 -4.03297e-07  1.25309e-21 -3.00927e-18  6.29278e-08  1.39875e-07  1.39072e-09  1.73822e-08     0.127477  4.46771e-07  2.80355e-08  1.01469e-07
-9.26571e-08  7.61112e-07 -3.87028e-09   -5.259e-09  2.55028e-09  4.48667e-07 -8.85927e-05 -0.000322201 -1.16721e-06 -1.23807e-06  8.71624e-21 -2.16626e-18  4.93227e-07  3.67358e-07 -4.40843e-08  -3.9477e-08  4.46771e-07    0.0271714 -1.00333e-07 -1.77851e-07
-6.28063e-09  1.77494e-08 -7.50432e-10 -2.52764e-09  1.37351e-10  3.56959e-08  0.000364875  0.000374029  2.78539e-08 -4.76547e-07 -7.55614e-22  2.47083e-19 -1.20513e-06  1.50959e-07 -3.95819e-09 -3.09601e-09  2.80355e-08 -1.00333e-07   0.00357659 -6.60421e-09
 -3.3402e-08  3.85032e-08 -8.96218e-10  2.48848e-08  6.40774e-10  7.55811e-08   0.00144137   0.00149863 -3.63192e-07  4.98802e-06  1.79748e-20  2.35503e-19  2.34292e-07  -7.0219e-06 -7.63666e-09 -7.55832e-09  1.01469e-07 -1.77851e-07 -6.60421e-09   0.00707444
* row and column names
af_m
af_p
alpha_m
alpha_p
auf_m
auf_p
den_m
den_p
n_m
n_p
perm_m
perm_p
por_m
por_p
tcd_m
tcd_p
tcs_m
tcs_p
wr_m
wr_p
