    20    20     1
    0.316149 -9.09944e-08  -6.0044e-10  9.42539e-11 -1.66078e-09  1.46421e-07  0.000858012  0.000842908 -1.94752e-07 -6.26116e-09  1.72345e-21   9.9145e-19  2.05239e-07  5.67627e-09 -4.53531e-08 -1.00623e-08  1.59251e-07 -1.95297e-07 -4.93136e-08 -4.63964e-08
-9.09944e-08     0.318565  1.91812e-09 -4.17619e-09 -1.18772e-08 -3.83543e-07    0.0146666    0.0158034  1.66738e-06 -9.69469e-07  1.16305e-20  1.24814e-17  -6.0884e-07 -1.01278e-07  -6.3723e-09  3.39964e-08 -1.07498e-07  6.39819e-07  3.61177e-08  6.66593e-08
 -6.0044e-10  1.91812e-09  4.68268e-07 -1.58402e-11 -3.54758e-11  6.74724e-09  4.57365e-06  1.45841e-06 -3.53801e-08 -3.14119e-09 -2.05956e-22 -1.24603e-20  1.95791e-08  1.67851e-09 -3.67348e-09 -4.56321e-10  1.70439e-09 -8.09039e-09  -2.4461e-09 -1.89948e-09
 9.42539e-11 -4.17619e-09 -1.58402e-11  1.40596e-05  1.14005e-11 -1.10767e-09  4.08848e-05  4.61003e-05 -3.71315e-08 -5.40333e-07 -2.90634e-21  5.24471e-20  9.94402e-09  2.04774e-07  5.52794e-10  3.51787e-11 -1.94356e-09  2.65278e-09 -6.09897e-11  2.30894e-08
-1.66078e-09 -1.18772e-08 -3.54758e-11  1.14005e-11    0.0686867  6.16765e-09  8.65508e-05  8.85147e-05  -7.0223e-09 -4.88025e-09  4.26115e-22  1.88565e-19  1.14944e-08   2.0034e-09 -5.87553e-09 -3.84114e-10 -7.83114e-10 -4.90459e-09 -3.02657e-09 -1.18157e-09
 1.46421e-07 -3.83543e-07  6.74724e-09 -1.10767e-09  6.16765e-09    0.0333416 -0.000446073   0.00029474  2.76764e-06 -2.26478e-07 -6.05779e-21  1.46385e-18 -2.54407e-06 -3.40269e-07  6.83431e-07  8.87055e-08 -5.52706e-07  1.55629e-06  4.61948e-07  3.07009e-07
 0.000858012    0.0146666  4.57365e-06  4.08848e-05  8.65508e-05 -0.000446073       225071     -589.956   0.00197687   0.00919404  4.84711e-18 -6.02286e-14 -0.000440029   0.00220141  0.000167046  1.26503e-05  0.000129536  0.000737797  0.000569589   0.00138785
 0.000842908    0.0158034  1.45841e-06  4.61003e-05  8.85147e-05   0.00029474     -589.956       113277  0.000865346     0.010268  1.26488e-17 -6.42606e-14  0.000802115   0.00245582 -0.000226734 -3.47886e-05  0.000463081 -8.79185e-05  0.000361197   0.00131532
-1.94752e-07  1.66738e-06 -3.53801e-08 -3.71315e-08  -7.0223e-09  2.76764e-06   0.00197687  0.000865346     0.262627 -7.01872e-06 -2.89244e-19 -1.51908e-17  1.30925e-05  1.54311e-06 -1.39839e-06 -1.98445e-07  5.45537e-07 -3.66623e-06 -8.22511e-07 -1.00186e-06
-6.26116e-09 -9.69469e-07 -3.14119e-09 -5.40333e-07 -4.88025e-09 -2.26478e-07   0.00919404     0.010268 -7.01872e-06     0.262553 -5.37936e-19  4.63894e-18  1.87928e-06  3.90286e-05  4.36275e-08  1.96086e-09 -4.25478e-07  2.96652e-07 -1.97078e-08  4.54583e-06
 1.72345e-21  1.16305e-20 -2.05956e-22 -2.90634e-21  4.26115e-22 -6.05779e-21  4.84711e-18  1.26488e-17 -2.89244e-19 -5.37936e-19  1.40624e-27 -7.74762e-32  1.02978e-19  1.84052e-19   6.1682e-21  1.76666e-22 -5.71348e-21  4.00819e-21  2.24489e-21  1.45206e-20
  9.9145e-19  1.24814e-17 -1.24603e-20  5.24471e-20  1.88565e-19  1.46385e-18 -6.02286e-14 -6.42606e-14 -1.51908e-17  4.63894e-18 -7.74762e-32  4.01995e-22  5.62158e-18   8.8372e-19  3.62615e-19 -1.26604e-19 -3.72866e-19 -1.69278e-18  5.11285e-19  3.12449e-20
 2.05239e-07  -6.0884e-07  1.95791e-08  9.94402e-09  1.14944e-08 -2.54407e-06 -0.000440029  0.000802115  1.30925e-05  1.87928e-06  1.02978e-19  5.62158e-18    0.0325276 -7.72963e-07  1.25213e-06  1.49512e-07 -6.82582e-07  2.40506e-06 -3.14811e-07  6.25315e-07
 5.67627e-09 -1.01278e-07  1.67851e-09  2.04774e-07   2.0034e-09 -3.40269e-07   0.00220141   0.00245582  1.54311e-06  3.90286e-05  1.84052e-19   8.8372e-19 -7.72963e-07    0.0571029  2.26736e-07   2.7525e-08  2.27853e-08  3.58565e-07  1.73698e-07 -6.36722e-06
-4.53531e-08  -6.3723e-09 -3.67348e-09  5.52794e-10 -5.87553e-09  6.83431e-07  0.000167046 -0.000226734 -1.39839e-06  4.36275e-08   6.1682e-21  3.62615e-19  1.25213e-06  2.26736e-07     0.136273 -4.44757e-08  1.67234e-07 -7.61749e-07 -2.46216e-07 -1.34516e-07
-1.00623e-08  3.39964e-08 -4.56321e-10  3.51787e-11 -3.84114e-10  8.87055e-08  1.26503e-05 -3.47886e-05 -1.98445e-07  1.96086e-09  1.76666e-22 -1.26604e-19  1.49512e-07   2.7525e-08 -4.44757e-08   0.00143517  3.62359e-08 -1.12864e-07 -2.97019e-08  -2.0591e-08
 1.59251e-07 -1.07498e-07  1.70439e-09 -1.94356e-09 -7.83114e-10 -5.52706e-07  0.000129536  0.000463081  5.45537e-07 -4.25478e-07 -5.71348e-21 -3.72866e-19 -6.82582e-07  2.27853e-08  1.67234e-07  3.62359e-08     0.127477  7.32156e-07  1.45494e-07  1.52092e-07
-1.95297e-07  6.39819e-07 -8.09039e-09  2.65278e-09 -4.90459e-09  1.55629e-06  0.000737797 -8.79185e-05 -3.66623e-06  2.96652e-07  4.00819e-21 -1.69278e-18  2.40506e-06  3.58565e-07 -7.61749e-07 -1.12864e-07  7.32156e-07    0.0271703 -5.39855e-07 -4.04651e-07
-4.93136e-08  3.61177e-08  -2.4461e-09 -6.09897e-11 -3.02657e-09  4.61948e-07  0.000569589  0.000361197 -8.22511e-07 -1.97078e-08  2.24489e-21  5.11285e-19 -3.14811e-07  1.73698e-07 -2.46216e-07 -2.97019e-08  1.45494e-07 -5.39855e-07   0.00357644 -9.21011e-08
-4.63964e-08  6.66593e-08 -1.89948e-09  2.30894e-08 -1.18157e-09  3.07009e-07   0.00138785   0.00131532 -1.00186e-06  4.54583e-06  1.45206e-20  3.12449e-20  6.25315e-07 -6.36722e-06 -1.34516e-07  -2.0591e-08  1.52092e-07 -4.04651e-07 -9.21011e-08   0.00707455
* row and column names
af_m
af_p
alpha_m
alpha_p
auf_m
auf_p
den_m
den_p
n_m
n_p
perm_m
perm_p
por_m
por_p
tcd_m
tcd_p
tcs_m
tcs_p
wr_m
wr_p
