    20    20     1
    0.316149 -1.05136e-07 -9.47286e-11 -6.31211e-11   9.1926e-10  6.18086e-08  0.000662547  0.000678244  3.07641e-08 -2.47741e-08  2.33198e-22  2.20969e-19  4.55957e-08 -4.15765e-08  2.07477e-09 -4.75978e-09  1.33569e-07 -1.06353e-07 -1.51428e-08 -4.05788e-08
-1.05136e-07     0.318565  2.69731e-09 -4.47302e-09 -5.64763e-11 -3.35914e-07     0.014811    0.0159122   1.5313e-06  -8.4606e-07 -6.22069e-21  9.95258e-18 -5.86619e-07 -1.51848e-07 -4.75207e-08  2.48353e-08 -5.79544e-08  5.55088e-07  1.36722e-08  3.71754e-08
-9.47286e-11  2.69731e-09  4.68257e-07 -8.19631e-11 -2.95431e-12  1.22376e-09  1.26065e-06  1.19708e-06  -3.7723e-08 -1.53552e-08 -1.74041e-22 -3.10658e-20   1.6512e-08  2.21401e-09 -1.29645e-10  -7.7189e-11 -1.91898e-10 -1.20479e-09 -4.16707e-10 -9.00407e-10
-6.31211e-11 -4.47302e-09 -8.19631e-11  1.40596e-05 -1.41957e-12  7.35787e-10   4.8767e-05  5.32493e-05 -4.69063e-08 -5.41352e-07 -2.43261e-21  9.20383e-20  1.55288e-08   2.0715e-07 -5.66153e-11 -6.46315e-11 -1.43882e-09 -1.30637e-10 -1.60203e-09   2.3709e-08
  9.1926e-10 -5.64763e-11 -2.95431e-12 -1.41957e-12    0.0686867 -8.35803e-10 -3.74742e-05 -3.95435e-05 -5.79889e-10 -1.43392e-09  2.17383e-23 -1.27942e-20  1.66821e-09   8.5946e-10 -8.70857e-10  7.08821e-11 -3.52987e-09  2.80731e-09   5.7785e-11   6.1392e-10
 6.18086e-08 -3.35914e-07  1.22376e-09  7.35787e-10 -8.35803e-10    0.0333426  0.000173531  0.000406685  2.77152e-07 -4.22861e-09 -3.25915e-21  1.54748e-18 -8.44118e-07 -1.08122e-07  9.70687e-08  2.30403e-08 -2.07341e-07  4.15542e-07  9.84255e-08  9.35616e-08
 0.000662547     0.014811  1.26065e-06   4.8767e-05 -3.74742e-05  0.000173531       225071     -589.953  5.57565e-05   0.00896257  4.18406e-17 -3.60892e-14  0.000708935   0.00249445 -0.000142854 -2.07248e-05  0.000464372 -0.000147773  0.000370357   0.00134264
 0.000678244    0.0159122  1.19708e-06  5.32493e-05 -3.95435e-05  0.000406685     -589.953       113277  0.000171661   0.00986568  4.69942e-17  -3.8288e-14   0.00108488   0.00266177 -0.000234593 -3.48097e-05   0.00062082 -0.000391126   0.00034859   0.00139195
 3.07641e-08   1.5313e-06  -3.7723e-08 -4.69063e-08 -5.79889e-10  2.77152e-07  5.57565e-05  0.000171661     0.262634 -8.90689e-06 -1.28396e-19 -1.67064e-17  8.99048e-06  1.21951e-06  9.50803e-08 -2.24075e-08 -1.52239e-07 -5.48615e-07  2.85963e-08 -4.25887e-07
-2.47741e-08  -8.4606e-07 -1.53552e-08 -5.41352e-07 -1.43392e-09 -4.22861e-09   0.00896257   0.00986568 -8.90689e-06     0.262551 -4.65418e-19  1.00229e-17  2.72214e-06  4.01248e-05  1.42526e-08 -1.03412e-08 -3.78206e-07 -1.64087e-07 -2.70355e-07  4.75662e-06
 2.33198e-22 -6.22069e-21 -1.74041e-22 -2.43261e-21  2.17383e-23 -3.25915e-21  4.18406e-17  4.69942e-17 -1.28396e-19 -4.65418e-19  1.40625e-27  1.74991e-31  4.46449e-20  1.72693e-19  1.78929e-21  1.41219e-22 -6.11529e-22  7.21842e-22 -1.12506e-21  1.71788e-20
 2.20969e-19  9.95258e-18 -3.10658e-20  9.20383e-20 -1.27942e-20  1.54748e-18 -3.60892e-14  -3.8288e-14 -1.67064e-17  1.00229e-17  1.74991e-31  4.01996e-22   8.1114e-18  -2.4928e-18  1.68529e-19 -9.73969e-20  -1.1019e-18 -1.74078e-18  1.20314e-19 -7.00979e-19
 4.55957e-08 -5.86619e-07   1.6512e-08  1.55288e-08  1.66821e-09 -8.44118e-07  0.000708935   0.00108488  8.99048e-06  2.72214e-06  4.46449e-20   8.1114e-18    0.0325294 -3.74312e-07  2.05489e-07  2.95632e-08 -2.60126e-08  2.46962e-07 -9.80941e-07  2.51651e-07
-4.15765e-08 -1.51848e-07  2.21401e-09   2.0715e-07   8.5946e-10 -1.08122e-07   0.00249445   0.00266177  1.21951e-06  4.01248e-05  1.72693e-19  -2.4928e-18 -3.74312e-07    0.0571017  3.85238e-08  8.26254e-09  7.97886e-08  9.42252e-08  1.11822e-07 -6.75388e-06
 2.07477e-09 -4.75207e-08 -1.29645e-10 -5.66153e-11 -8.70857e-10  9.70687e-08 -0.000142854 -0.000234593  9.50803e-08  1.42526e-08  1.78929e-21  1.68529e-19  2.05489e-07  3.85238e-08     0.136273 -5.67981e-09 -5.32053e-09 -5.81953e-08 -2.72311e-08 -1.18261e-08
-4.75978e-09  2.48353e-08  -7.7189e-11 -6.46315e-11  7.08821e-11  2.30403e-08 -2.07248e-05 -3.48097e-05 -2.24075e-08 -1.03412e-08  1.41219e-22 -9.73969e-20  2.95632e-08  8.26254e-09 -5.67981e-09   0.00143518  1.62548e-08 -3.36471e-08 -5.19383e-09 -6.82815e-09
 1.33569e-07 -5.79544e-08 -1.91898e-10 -1.43882e-09 -3.52987e-09 -2.07341e-07  0.000464372   0.00062082 -1.52239e-07 -3.78206e-07 -6.11529e-22  -1.1019e-18 -2.60126e-08  7.97886e-08 -5.32053e-09  1.62548e-08     0.127477  4.18211e-07  3.38653e-08  8.14273e-08
-1.06353e-07  5.55088e-07 -1.20479e-09 -1.30637e-10  2.80731e-09  4.15542e-07 -0.000147773 -0.000391126 -5.48615e-07 -1.64087e-07  7.21842e-22 -1.74078e-18  2.46962e-07  9.42252e-08 -5.81953e-08 -3.36471e-08  4.18211e-07    0.0271718  -8.4306e-08 -1.55803e-07
-1.51428e-08  1.36722e-08 -4.16707e-10 -1.60203e-09   5.7785e-11  9.84255e-08  0.000370357   0.00034859  2.85963e-08 -2.70355e-07 -1.12506e-21  1.20314e-19 -9.80941e-07  1.11822e-07 -2.72311e-08 -5.19383e-09  3.38653e-08  -8.4306e-08   0.00357658  -1.3354e-08
-4.05788e-08  3.71754e-08 -9.00407e-10   2.3709e-08   6.1392e-10  9.35616e-08   0.00134264   0.00139195 -4.25887e-07  4.75662e-06  1.71788e-20 -7.00979e-19  2.51651e-07 -6.75388e-06 -1.18261e-08 -6.82815e-09  8.14273e-08 -1.55803e-07  -1.3354e-08   0.00707451
* row and column names
af_m
af_p
alpha_m
alpha_p
auf_m
auf_p
den_m
den_p
n_m
n_p
perm_m
perm_p
por_m
por_p
tcd_m
tcd_p
tcs_m
tcs_p
wr_m
wr_p
