    20    20     1
    0.316148 -1.95035e-07  1.65624e-10  2.12005e-09 -7.82274e-10  1.56878e-09  0.000560559  0.000582014 -3.25094e-08 -2.89075e-08  6.13446e-21 -4.04093e-18 -2.45875e-08 -5.64719e-08  -1.6107e-08  -7.7331e-09  7.21155e-08 -9.52206e-08 -1.26624e-08 -3.19384e-08
-1.95035e-07     0.318564  5.18288e-09 -3.59092e-09  1.28893e-08 -3.84497e-07    0.0163863      0.01759  1.43206e-06 -1.36127e-06 -2.66984e-20   2.2336e-18   -8.647e-07 -1.71625e-07  -4.4141e-08  2.53097e-08 -7.39882e-08  7.55722e-07  1.25985e-08  1.62362e-08
 1.65624e-10  5.18288e-09  4.68153e-07  -1.7333e-10 -5.23418e-11  8.60128e-10  1.34876e-06  1.78623e-06 -4.80553e-08 -3.29063e-08  1.39216e-22 -1.63619e-20  2.76564e-08  5.67498e-09  1.03296e-10 -8.40111e-11  -5.3389e-10 -5.02792e-09 -8.34827e-10 -1.06881e-09
 2.12005e-09 -3.59092e-09  -1.7333e-10  1.40595e-05  1.53376e-10  9.95302e-10  5.05313e-05   5.5459e-05   -4.009e-08 -5.59089e-07 -1.70415e-21  1.62791e-19  1.60656e-08   2.1204e-07  2.80305e-10  9.29774e-11   -3.731e-10 -5.94685e-09 -2.39822e-09  2.40428e-08
-7.82274e-10  1.28893e-08 -5.23418e-11  1.53376e-10    0.0686867  3.85937e-10 -5.74032e-05 -6.04212e-05 -2.14496e-08  1.16885e-08  8.69362e-22 -1.94834e-19  1.07754e-08  -1.6039e-09 -1.81669e-09 -2.37832e-10 -5.47802e-09 -3.71585e-09 -9.90424e-11  4.89475e-11
 1.56878e-09 -3.84497e-07  8.60128e-10  9.95302e-10  3.85937e-10    0.0333428  0.000268622  0.000407695   1.5934e-07 -1.06556e-07  2.50711e-22 -1.47243e-18 -8.48172e-08 -3.89679e-08  4.71008e-09  1.62774e-08 -2.49339e-07  4.47418e-07  3.61705e-08   7.1974e-08
 0.000560559    0.0163863  1.34876e-06  5.05313e-05 -5.74032e-05  0.000268622       225071     -590.206 -0.000120625    0.0116913  1.01302e-16 -2.20481e-14   0.00180294   0.00264441 -0.000268458 -8.58098e-06  0.000671259 -2.73649e-05  0.000406899    0.0014702
 0.000582014      0.01759  1.78623e-06   5.5459e-05 -6.04212e-05  0.000407695     -590.206       113277 -3.71084e-05     0.012837  1.06085e-16 -2.29556e-14   0.00187291   0.00274517 -0.000306719 -1.90178e-05  0.000855528 -0.000271629  0.000415914   0.00152441
-3.25094e-08  1.43206e-06 -4.80553e-08   -4.009e-08 -2.14496e-08   1.5934e-07 -0.000120625 -3.71084e-05     0.262642 -7.97743e-06  5.00936e-20 -9.03747e-18    8.564e-06  1.04635e-06  4.28393e-09 -2.57123e-08 -2.07329e-07 -1.48817e-06   -1.191e-08 -3.53442e-07
-2.89075e-08 -1.36127e-06 -3.29063e-08 -5.59089e-07  1.16885e-08 -1.06556e-07    0.0116913     0.012837 -7.97743e-06     0.262546 -3.27814e-19  8.80242e-18  2.97976e-06  4.18145e-05  1.31303e-09  9.42737e-10 -5.52171e-07 -1.13185e-06 -4.74465e-07  4.94149e-06
 6.13446e-21 -2.66984e-20  1.39216e-22 -1.70415e-21  8.69362e-22  2.50711e-22  1.01302e-16  1.06085e-16  5.00936e-20 -3.27814e-19  1.40624e-27  4.79564e-31 -3.23246e-20  1.33738e-19  4.81707e-21  2.85099e-22  5.89671e-21  5.92382e-21  -1.0807e-21  1.54802e-20
-4.04093e-18   2.2336e-18 -1.63619e-20  1.62791e-19 -1.94834e-19 -1.47243e-18 -2.20481e-14 -2.29556e-14 -9.03747e-18  8.80242e-18  4.79564e-31  4.01996e-22  3.34879e-18  -3.3461e-18    -8.79e-19 -2.01871e-19 -3.82018e-18 -8.74328e-19 -1.47569e-19  -2.8237e-19
-2.45875e-08   -8.647e-07  2.76564e-08  1.60656e-08  1.07754e-08 -8.48172e-08   0.00180294   0.00187291    8.564e-06  2.97976e-06 -3.23246e-20  3.34879e-18    0.0325304 -2.10019e-08 -2.12135e-09  7.72002e-09  4.62594e-08  6.22587e-07 -1.18525e-06  2.33187e-07
-5.64719e-08 -1.71625e-07  5.67498e-09   2.1204e-07  -1.6039e-09 -3.89679e-08   0.00264441   0.00274517  1.04635e-06  4.18145e-05  1.33738e-19  -3.3461e-18 -2.10019e-08    0.0571006  3.94643e-08  2.78151e-10  1.55729e-07  3.95581e-07  1.51246e-07 -6.94647e-06
 -1.6107e-08  -4.4141e-08  1.03296e-10  2.80305e-10 -1.81669e-09  4.71008e-09 -0.000268458 -0.000306719  4.28393e-09  1.31303e-09  4.81707e-21    -8.79e-19 -2.12135e-09  3.94643e-08     0.136273 -1.27765e-09 -2.09145e-08 -2.50219e-08 -2.79338e-09  6.19362e-09
 -7.7331e-09  2.53097e-08 -8.40111e-11  9.29774e-11 -2.37832e-10  1.62774e-08 -8.58098e-06 -1.90178e-05 -2.57123e-08  9.42737e-10  2.85099e-22 -2.01871e-19  7.72002e-09  2.78151e-10 -1.27765e-09   0.00143518  1.53249e-08 -4.03965e-08 -3.74444e-09  -7.2895e-09
 7.21155e-08 -7.39882e-08  -5.3389e-10   -3.731e-10 -5.47802e-09 -2.49339e-07  0.000671259  0.000855528 -2.07329e-07 -5.52171e-07  5.89671e-21 -3.82018e-18  4.62594e-08  1.55729e-07 -2.09145e-08  1.53249e-08     0.127477  4.45059e-07  2.72976e-08  9.87184e-08
-9.52206e-08  7.55722e-07 -5.02792e-09 -5.94685e-09 -3.71585e-09  4.47418e-07 -2.73649e-05 -0.000271629 -1.48817e-06 -1.13185e-06  5.92382e-21 -8.74328e-19  6.22587e-07  3.95581e-07 -2.50219e-08 -4.03965e-08  4.45059e-07    0.0271714 -1.10806e-07 -1.56812e-07
-1.26624e-08  1.25985e-08 -8.34827e-10 -2.39822e-09 -9.90424e-11  3.61705e-08  0.000406899  0.000415914   -1.191e-08 -4.74465e-07  -1.0807e-21 -1.47569e-19 -1.18525e-06  1.51246e-07 -2.79338e-09 -3.74444e-09  2.72976e-08 -1.10806e-07   0.00357659 -7.44205e-09
-3.19384e-08  1.62362e-08 -1.06881e-09  2.40428e-08  4.89475e-11   7.1974e-08    0.0014702   0.00152441 -3.53442e-07  4.94149e-06  1.54802e-20  -2.8237e-19  2.33187e-07 -6.94647e-06  6.19362e-09  -7.2895e-09  9.87184e-08 -1.56812e-07 -7.44205e-09   0.00707448
* row and column names
af_m
af_p
alpha_m
alpha_p
auf_m
auf_p
den_m
den_p
n_m
n_p
perm_m
perm_p
por_m
por_p
tcd_m
tcd_p
tcs_m
tcs_p
wr_m
wr_p
