    20    20     1
    0.316148 -1.18182e-06 -6.46455e-11 -5.91871e-10  -7.3265e-08  1.34512e-07    0.0106647    0.0113632 -6.38909e-07 -7.29637e-07   5.2771e-21 -1.57554e-18  6.57688e-08  3.69172e-08  6.25824e-08 -2.29902e-08  6.86713e-07 -4.41435e-07 -6.69518e-08 -1.05013e-07
-1.18182e-06     0.318553   2.2435e-09 -7.33482e-08 -3.60398e-08 -1.65679e-06      0.12118     0.130403  7.85226e-06 -1.64747e-05 -7.65679e-20  7.80934e-18  -1.2317e-06  7.46861e-07  -1.3675e-06  1.26959e-07 -7.04463e-07  2.83436e-06   1.3375e-07 -3.32755e-07
-6.46455e-11   2.2435e-09  4.68322e-07  6.00107e-12 -3.47823e-12  6.48254e-10  5.92246e-06  6.03348e-06 -1.04411e-08  4.90254e-10  8.77961e-25 -1.68539e-21  2.05708e-09  1.30997e-10  1.79366e-10 -6.31743e-11  3.23119e-10 -1.63752e-09 -3.88763e-10 -2.23227e-10
-5.91871e-10 -7.33482e-08  6.00107e-12  1.40588e-05  1.65071e-09 -6.20793e-09  0.000678254  0.000734714  5.65815e-09  -6.0427e-07 -1.43766e-21  2.87355e-20 -2.41762e-09  1.79565e-07 -1.17859e-09   8.8538e-10 -1.13709e-08   2.1866e-08  3.12293e-10  1.16758e-08
 -7.3265e-08 -3.60398e-08 -3.47823e-12  1.65071e-09    0.0686867 -1.90258e-08  -0.00168862  -0.00179747   1.3133e-09  2.23807e-08  1.32093e-20 -1.47114e-18 -1.64753e-08 -4.24242e-08 -8.83402e-08 -5.34231e-09 -7.57831e-08   5.2323e-09 -3.85882e-09  2.20644e-09
 1.34512e-07 -1.65679e-06  6.48254e-10 -6.20793e-09 -1.90258e-08    0.0333422   0.00172142   0.00253958  3.05835e-06 -1.99205e-06  1.06346e-20 -6.42382e-19 -7.12064e-07 -1.46315e-07  1.30556e-07  5.63877e-08 -1.10222e-06  1.46995e-06  1.44307e-07    1.288e-07
   0.0106647      0.12118  5.92246e-06  0.000678254  -0.00168862   0.00172142       220712     -5237.28    0.0322595     0.146585  1.77577e-15 -1.56449e-13   0.00145286    -0.013118  -0.00501476 -0.000295092 -0.000124078   0.00172108   0.00141695   0.00645907
   0.0113632     0.130403  6.03348e-06  0.000734714  -0.00179747   0.00253958     -5237.28       108322    0.0329071     0.158794  1.88205e-15 -1.64523e-13   0.00225307   -0.0140106  -0.00612474 -0.000367167  0.000943405  0.000427046   0.00143239   0.00677886
-6.38909e-07  7.85226e-06 -1.04411e-08  5.65815e-09   1.3133e-09  3.05835e-06    0.0322595    0.0329071     0.262603 -1.94312e-06  -6.7631e-20 -6.79941e-18  5.46699e-06  1.32313e-06   3.1433e-07 -2.67167e-07  1.99941e-06  -7.6611e-06 -1.16365e-06  -1.0204e-06
-7.29637e-07 -1.64747e-05  4.90254e-10  -6.0427e-07  2.23807e-08 -1.99205e-06     0.146585     0.158794 -1.94312e-06     0.262537 -2.64185e-19  9.80656e-19 -6.39849e-07  3.25522e-05 -1.00766e-06  1.51201e-07 -2.90431e-06  3.37459e-06  -5.0801e-08  2.26772e-06
  5.2771e-21 -7.65679e-20  8.77961e-25 -1.43766e-21  1.32093e-20  1.06346e-20  1.77577e-15  1.88205e-15  -6.7631e-20 -2.64185e-19  1.40624e-27  8.08824e-31  3.85873e-22  7.28236e-20 -2.26143e-21  2.91326e-22  3.85829e-20  -3.2372e-20 -4.74296e-21 -7.66246e-21
-1.57554e-18  7.80934e-18 -1.68539e-21  2.87355e-20 -1.47114e-18 -6.42382e-19 -1.56449e-13 -1.64523e-13 -6.79941e-18  9.80656e-19  8.08824e-31  4.01996e-22 -7.25997e-19  1.19164e-18 -4.45256e-20 -1.30597e-19  -5.8162e-18  1.50765e-18  -1.0118e-19  1.15136e-18
 6.57688e-08  -1.2317e-06  2.05708e-09 -2.41762e-09 -1.64753e-08 -7.12064e-07   0.00145286   0.00225307  5.46699e-06 -6.39849e-07  3.85873e-22 -7.25997e-19    0.0325337 -8.14038e-08  2.00332e-07   4.5767e-08 -1.17162e-06  1.00356e-06 -6.59411e-07  1.75812e-07
 3.69172e-08  7.46861e-07  1.30997e-10  1.79565e-07 -4.24242e-08 -1.46315e-07    -0.013118   -0.0140106  1.32313e-06  3.25522e-05  7.28236e-20  1.19164e-18 -8.14038e-08    0.0571112  8.90253e-08   2.9468e-09 -6.43809e-08  7.50829e-08  8.19012e-08 -4.23919e-06
 6.25824e-08  -1.3675e-06  1.79366e-10 -1.17859e-09 -8.83402e-08  1.30556e-07  -0.00501476  -0.00612474   3.1433e-07 -1.00766e-06 -2.26143e-21 -4.45256e-20  2.00332e-07  8.90253e-08     0.136271 -2.35889e-08 -2.76372e-08 -5.08389e-07 -9.08188e-08 -1.00669e-07
-2.29902e-08  1.26959e-07 -6.31743e-11   8.8538e-10 -5.34231e-09  5.63877e-08 -0.000295092 -0.000367167 -2.67167e-07  1.51201e-07  2.91326e-22 -1.30597e-19   4.5767e-08   2.9468e-09 -2.35889e-08   0.00143517   7.7842e-08  -1.2707e-07 -1.38346e-08 -1.27256e-08
 6.86713e-07 -7.04463e-07  3.23119e-10 -1.13709e-08 -7.57831e-08 -1.10222e-06 -0.000124078  0.000943405  1.99941e-06 -2.90431e-06  3.85829e-20  -5.8162e-18 -1.17162e-06 -6.43809e-08 -2.76372e-08   7.7842e-08     0.127474  2.28287e-06  1.34493e-07  2.36889e-07
-4.41435e-07  2.83436e-06 -1.63752e-09   2.1866e-08   5.2323e-09  1.46995e-06   0.00172108  0.000427046  -7.6611e-06  3.37459e-06  -3.2372e-20  1.50765e-18  1.00356e-06  7.50829e-08 -5.08389e-07  -1.2707e-07  2.28287e-06     0.027169 -3.56964e-07 -3.65414e-07
-6.69518e-08   1.3375e-07 -3.88763e-10  3.12293e-10 -3.85882e-09  1.44307e-07   0.00141695   0.00143239 -1.16365e-06  -5.0801e-08 -4.74296e-21  -1.0118e-19 -6.59411e-07  8.19012e-08 -9.08188e-08 -1.38346e-08  1.34493e-07 -3.56964e-07   0.00357667 -4.61688e-08
-1.05013e-07 -3.32755e-07 -2.23227e-10  1.16758e-08  2.20644e-09    1.288e-07   0.00645907   0.00677886  -1.0204e-06  2.26772e-06 -7.66246e-21  1.15136e-18  1.75812e-07 -4.23919e-06 -1.00669e-07 -1.27256e-08  2.36889e-07 -3.65414e-07 -4.61688e-08    0.0070751
* row and column names
af_m
af_p
alpha_m
alpha_p
auf_m
auf_p
den_m
den_p
n_m
n_p
perm_m
perm_p
por_m
por_p
tcd_m
tcd_p
tcs_m
tcs_p
wr_m
wr_p
