    20    20     1
    0.316148 -6.41534e-07 -3.86137e-11  3.29166e-09 -6.50962e-08  1.64605e-07   0.00637678   0.00667065 -3.30291e-07  1.54886e-08  3.05113e-20  2.26898e-17  1.16415e-07 -2.96713e-08  1.31384e-07 -1.97768e-08  8.63539e-07 -4.80422e-07 -3.65849e-08 -8.62187e-08
-6.41534e-07     0.318553   2.5408e-09 -7.18721e-08 -9.15009e-08 -1.61858e-06     0.115597     0.124373  8.41276e-06 -1.54794e-05 -3.72267e-20   6.8346e-17 -1.47964e-06  7.31586e-07 -7.97722e-07  9.95319e-08 -7.92114e-07   2.9525e-06  1.55531e-07 -2.20205e-07
-3.86137e-11   2.5408e-09   4.6832e-07  3.24765e-12  -1.6607e-11  5.89901e-10  4.99512e-06  5.15065e-06 -1.62761e-08  1.85022e-11  3.27572e-23 -5.02291e-21  3.34275e-09  7.50513e-13  1.01083e-10 -4.92873e-11  1.97969e-10 -1.46178e-09  -3.7824e-10 -2.82389e-10
 3.29166e-09 -7.18721e-08  3.24765e-12  1.40582e-05  1.50745e-09 -1.47494e-09  0.000752069  0.000811217 -1.42649e-08 -7.28635e-07 -2.84903e-21 -3.04159e-19  2.18543e-09  2.06652e-07 -6.97342e-10  4.41295e-10 -8.00445e-09   1.5112e-08 -1.22743e-10  1.05918e-08
-6.50962e-08 -9.15009e-08  -1.6607e-11  1.50745e-09    0.0686867 -2.12608e-08  0.000852724  0.000895224 -2.06233e-08 -6.39903e-08  1.64594e-20  9.06434e-18 -2.00256e-08 -3.29096e-08 -6.81256e-08 -2.82606e-09 -4.99689e-08 -1.66163e-08 -4.91205e-09  -1.4568e-08
 1.64605e-07 -1.61858e-06  5.89901e-10 -1.47494e-09 -2.12608e-08    0.0333425  0.000871886   0.00139387  2.29998e-06 -1.43345e-06  9.51725e-21  1.03172e-17 -5.80342e-07 -1.60943e-07  -4.9824e-08  3.34555e-08 -8.32316e-07  1.01318e-06  7.66034e-08  9.13888e-08
  0.00637678     0.115597  4.99512e-06  0.000752069  0.000852724  0.000871886       220714     -5234.81    0.0262625     0.145458  1.88519e-16 -5.64306e-13  0.000649818   -0.0132358  -0.00606443  6.61851e-05   0.00176483   0.00113139  0.000971855   0.00621058
  0.00667065     0.124373  5.15065e-06  0.000811217  0.000895224   0.00139387     -5234.81       108326    0.0272212     0.157165   2.0277e-16 -6.00602e-13   0.00122894   -0.0141723   -0.0071306  4.12896e-05   0.00251478   0.00029199   0.00101922   0.00657738
-3.30291e-07  8.41276e-06 -1.62761e-08 -1.42649e-08 -2.06233e-08  2.29998e-06    0.0262625    0.0272212     0.262595 -5.16907e-06  6.28316e-20 -2.61318e-17  9.99298e-06  1.07638e-06  9.08225e-07 -1.76368e-07  1.42364e-06 -5.67061e-06 -9.74615e-07 -1.06643e-06
 1.54886e-08 -1.54794e-05  1.85022e-11 -7.28635e-07 -6.39903e-08 -1.43345e-06     0.145458     0.157165 -5.16907e-06      0.26251 -3.33237e-19  2.51859e-17  1.00801e-08  3.88329e-05 -7.16663e-07  7.75788e-08 -2.66516e-06  2.45179e-06 -1.00174e-07  2.37323e-06
 3.05113e-20 -3.72267e-20  3.27572e-23 -2.84903e-21  1.64594e-20  9.51725e-21  1.88519e-16   2.0277e-16  6.28316e-20 -3.33237e-19  1.40624e-27  -4.5814e-30 -2.94794e-21  1.20087e-19  1.52084e-20  1.87067e-21  2.97358e-20  1.37005e-20  2.39647e-21  1.19055e-20
 2.26898e-17   6.8346e-17 -5.02291e-21 -3.04159e-19  9.06434e-18  1.03172e-17 -5.64306e-13 -6.00602e-13 -2.61318e-17  2.51859e-17  -4.5814e-30  4.01993e-22  1.03413e-17  1.81255e-17  1.76436e-17  5.33419e-19  9.40263e-18 -3.32333e-18  7.46957e-19  5.50733e-18
 1.16415e-07 -1.47964e-06  3.34275e-09  2.18543e-09 -2.00256e-08 -5.80342e-07  0.000649818   0.00122894  9.99298e-06  1.00801e-08 -2.94794e-21  1.03413e-17    0.0325321 -5.75569e-08   2.5774e-07  3.21418e-08 -8.59256e-07  8.65982e-07 -7.58416e-07   2.0492e-07
-2.96713e-08  7.31586e-07  7.50513e-13  2.06652e-07 -3.29096e-08 -1.60943e-07   -0.0132358   -0.0141723  1.07638e-06  3.88329e-05  1.20087e-19  1.81255e-17 -5.75569e-08    0.0571107  3.40586e-08  3.26331e-09 -1.37737e-08  4.24891e-08   6.7905e-08 -4.24619e-06
 1.31384e-07 -7.97722e-07  1.01083e-10 -6.97342e-10 -6.81256e-08  -4.9824e-08  -0.00606443   -0.0071306  9.08225e-07 -7.16663e-07  1.52084e-20  1.76436e-17   2.5774e-07  3.40586e-08     0.136271 -3.45399e-09 -4.10153e-07 -1.63429e-08  -1.5328e-08 -2.94502e-08
-1.97768e-08  9.95319e-08 -4.92873e-11  4.41295e-10 -2.82606e-09  3.34555e-08  6.61851e-05  4.12896e-05 -1.76368e-07  7.75788e-08  1.87067e-21  5.33419e-19  3.21418e-08  3.26331e-09 -3.45399e-09   0.00143518   4.5248e-08 -7.44326e-08 -7.02528e-09 -9.33739e-09
 8.63539e-07 -7.92114e-07  1.97969e-10 -8.00445e-09 -4.99689e-08 -8.32316e-07   0.00176483   0.00251478  1.42364e-06 -2.66516e-06  2.97358e-20  9.40263e-18 -8.59256e-07 -1.37737e-08 -4.10153e-07   4.5248e-08     0.127474  1.59827e-06  5.96484e-08  1.11836e-07
-4.80422e-07   2.9525e-06 -1.46178e-09   1.5112e-08 -1.66163e-08  1.01318e-06   0.00113139   0.00029199 -5.67061e-06  2.45179e-06  1.37005e-20 -3.32333e-18  8.65982e-07  4.24891e-08 -1.63429e-08 -7.44326e-08  1.59827e-06    0.0271702 -1.99376e-07 -2.41045e-07
-3.65849e-08  1.55531e-07  -3.7824e-10 -1.22743e-10 -4.91205e-09  7.66034e-08  0.000971855   0.00101922 -9.74615e-07 -1.00174e-07  2.39647e-21  7.46957e-19 -7.58416e-07   6.7905e-08  -1.5328e-08 -7.02528e-09  5.96484e-08 -1.99376e-07   0.00357671 -2.56068e-08
-8.62187e-08 -2.20205e-07 -2.82389e-10  1.05918e-08  -1.4568e-08  9.13888e-08   0.00621058   0.00657738 -1.06643e-06  2.37323e-06  1.19055e-20  5.50733e-18   2.0492e-07 -4.24619e-06 -2.94502e-08 -9.33739e-09  1.11836e-07 -2.41045e-07 -2.56068e-08   0.00707501
* row and column names
af_m
af_p
alpha_m
alpha_p
auf_m
auf_p
den_m
den_p
n_m
n_p
perm_m
perm_p
por_m
por_p
tcd_m
tcd_p
tcs_m
tcs_p
wr_m
wr_p
