    20    20     1
    0.316148 -9.01509e-07 -5.03289e-10  3.11107e-09 -5.10413e-09  2.10511e-07   0.00429012   0.00450259 -7.43618e-07 -1.95734e-07  1.15399e-20 -4.29867e-19  2.43409e-07  4.68287e-09  1.65116e-07 -2.57746e-08  7.99701e-07 -5.30997e-07 -9.18392e-08 -1.08096e-07
-9.01509e-07     0.318552  2.24964e-09 -8.62155e-08 -1.34129e-07 -1.69577e-06     0.123264     0.132573  7.31671e-06 -1.70197e-05 -2.24281e-20  7.07192e-18  -1.1409e-06  9.52334e-07 -1.00164e-06  1.24609e-07 -6.84699e-07  2.99032e-06  1.04451e-07 -3.02571e-07
-5.03289e-10  2.24964e-09  4.68321e-07  9.73771e-12 -3.65886e-12  1.30356e-09  2.36927e-06  1.89265e-06 -1.33272e-08  4.42998e-10 -8.09875e-23 -2.90381e-21  2.39198e-09  3.53716e-10 -3.90331e-10 -1.19422e-10   7.4598e-10 -2.81296e-09 -5.37737e-10 -4.12111e-10
 3.11107e-09 -8.62155e-08  9.73771e-12  1.40587e-05   1.6193e-09   -6.452e-09  0.000902375  0.000971563   1.4209e-08  -5.6997e-07  -2.2913e-21  1.31008e-19 -2.31847e-09  1.70663e-07 -1.02069e-09  1.05406e-09 -7.78329e-09  2.43917e-08  8.97722e-10  1.07958e-08
-5.10413e-09 -1.34129e-07 -3.65886e-12   1.6193e-09    0.0686867 -2.50474e-08   0.00022866  0.000265299  5.00563e-08 -4.96814e-08   1.4528e-22 -2.25469e-19 -1.97041e-08  -3.4787e-08 -2.46944e-08 -8.82111e-10 -2.88643e-08   1.7662e-08 -2.01912e-09 -2.78039e-09
 2.10511e-07 -1.69577e-06  1.30356e-09   -6.452e-09 -2.50474e-08    0.0333418  0.000958409   0.00201266  4.72404e-06 -2.30907e-06  6.48569e-20  1.49123e-19 -1.29085e-06 -2.57933e-07  5.18835e-07  9.09386e-08 -1.45942e-06  2.31801e-06  2.59546e-07  2.38589e-07
  0.00429012     0.123264  2.36927e-06  0.000902375   0.00022866  0.000958409       220713     -5236.25    0.0268351     0.145309  1.22346e-15 -5.49097e-14  -0.00137986   -0.0150319  -0.00535142 -0.000134638   0.00247569  0.000280075  0.000948611   0.00574356
  0.00450259     0.132573  1.89265e-06  0.000971563  0.000265299   0.00201266     -5236.25       108324    0.0261206     0.157531  1.25802e-15 -5.80365e-14  -0.00038775   -0.0159624  -0.00669516 -0.000218551   0.00387935  -0.00164697  0.000865549   0.00594809
-7.43618e-07  7.31671e-06 -1.33272e-08   1.4209e-08  5.00563e-08  4.72404e-06    0.0268351    0.0261206     0.262601   -2.264e-07 -3.98803e-19 -5.81876e-18  9.18337e-06  1.82362e-06 -1.62545e-06 -3.99318e-07  2.72119e-06 -1.06548e-05 -1.68453e-06 -1.41176e-06
-1.95734e-07 -1.70197e-05  4.42998e-10  -5.6997e-07 -4.96814e-08 -2.30907e-06     0.145309     0.157531   -2.264e-07     0.262549 -2.17296e-19  9.50323e-18 -7.74886e-07   2.9671e-05 -3.46783e-07  1.68017e-07  -3.1327e-06  4.14029e-06 -2.07915e-08  2.16313e-06
 1.15399e-20 -2.24281e-20 -8.09875e-23  -2.2913e-21   1.4528e-22  6.48569e-20  1.22346e-15  1.25802e-15 -3.98803e-19 -2.17296e-19  1.40623e-27  3.32856e-31   9.6785e-20  9.49653e-20 -4.96304e-20 -5.05012e-21   8.3519e-20 -1.22174e-19 -1.46965e-20 -1.63383e-20
-4.29867e-19  7.07192e-18 -2.90381e-21  1.31008e-19 -2.25469e-19  1.49123e-19 -5.49097e-14 -5.80365e-14 -5.81876e-18  9.50323e-18  3.32856e-31  4.01996e-22  3.57627e-19 -1.13387e-18  8.56246e-19 -4.89617e-20 -1.78359e-18 -7.40329e-19 -2.14741e-19  4.18672e-19
 2.43409e-07  -1.1409e-06  2.39198e-09 -2.31847e-09 -1.97041e-08 -1.29085e-06  -0.00137986  -0.00038775  9.18337e-06 -7.74886e-07   9.6785e-20  3.57627e-19    0.0325343 -2.69278e-07  8.08109e-07  9.34351e-08 -1.59334e-06  2.35365e-06 -4.72115e-07  3.42605e-07
 4.68287e-09  9.52334e-07  3.53716e-10  1.70663e-07  -3.4787e-08 -2.57933e-07   -0.0150319   -0.0159624  1.82362e-06   2.9671e-05  9.49653e-20 -1.13387e-18 -2.69278e-07    0.0571123  2.06007e-07  1.15015e-08 -1.55058e-07  2.73928e-07  1.21514e-07 -3.99974e-06
 1.65116e-07 -1.00164e-06 -3.90331e-10 -1.02069e-09 -2.46944e-08  5.18835e-07  -0.00535142  -0.00669516 -1.62545e-06 -3.46783e-07 -4.96304e-20  8.56246e-19  8.08109e-07  2.06007e-07     0.136271 -4.35827e-08  2.56797e-07 -1.14137e-06 -1.78831e-07 -1.65569e-07
-2.57746e-08  1.24609e-07 -1.19422e-10  1.05406e-09 -8.82111e-10  9.09386e-08 -0.000134638 -0.000218551 -3.99318e-07  1.68017e-07 -5.05012e-21 -4.89617e-20  9.34351e-08  1.15015e-08 -4.35827e-08   0.00143517  1.09126e-07 -1.95882e-07 -2.29822e-08  -2.3127e-08
 7.99701e-07 -6.84699e-07   7.4598e-10 -7.78329e-09 -2.88643e-08 -1.45942e-06   0.00247569   0.00387935  2.72119e-06  -3.1327e-06   8.3519e-20 -1.78359e-18 -1.59334e-06 -1.55058e-07  2.56797e-07  1.09126e-07     0.127473  2.85521e-06  1.90975e-07  2.92422e-07
-5.30997e-07  2.99032e-06 -2.81296e-09  2.43917e-08   1.7662e-08  2.31801e-06  0.000280075  -0.00164697 -1.06548e-05  4.14029e-06 -1.22174e-19 -7.40329e-19  2.35365e-06  2.73928e-07 -1.14137e-06 -1.95882e-07  2.85521e-06    0.0271674 -5.60833e-07 -5.63429e-07
-9.18392e-08  1.04451e-07 -5.37737e-10  8.97722e-10 -2.01912e-09  2.59546e-07  0.000948611  0.000865549 -1.68453e-06 -2.07915e-08 -1.46965e-20 -2.14741e-19 -4.72115e-07  1.21514e-07 -1.78831e-07 -2.29822e-08  1.90975e-07 -5.60833e-07   0.00357664 -7.37328e-08
-1.08096e-07 -3.02571e-07 -4.12111e-10  1.07958e-08 -2.78039e-09  2.38589e-07   0.00574356   0.00594809 -1.41176e-06  2.16313e-06 -1.63383e-20  4.18672e-19  3.42605e-07 -3.99974e-06 -1.65569e-07  -2.3127e-08  2.92422e-07 -5.63429e-07 -7.37328e-08   0.00707513
* row and column names
af_m
af_p
alpha_m
alpha_p
auf_m
auf_p
den_m
den_p
n_m
n_p
perm_m
perm_p
por_m
por_p
tcd_m
tcd_p
tcs_m
tcs_p
wr_m
wr_p
