    20    20     1
    0.316148 -1.06941e-06  -6.1981e-11 -1.69695e-10  7.39265e-09  2.03395e-07    0.0108063    0.0114569 -7.11402e-07 -6.04333e-07 -4.18856e-21 -3.70516e-18  1.44475e-07  4.88618e-08  1.38189e-07 -2.28175e-08  8.30892e-07 -4.72196e-07 -6.37472e-08 -1.10755e-07
-1.06941e-06     0.318552  2.33466e-09 -7.28554e-08  2.50887e-08 -1.65769e-06      0.12111     0.130319  7.97091e-06 -1.62799e-05  4.88926e-21    4.057e-18 -1.19381e-06  6.19263e-07  -1.2653e-06  1.21504e-07 -7.99256e-07  3.18866e-06   1.6408e-07 -2.52454e-07
 -6.1981e-11  2.33466e-09  4.68323e-07  5.93061e-12 -2.89006e-12  6.89374e-10  6.28018e-06  6.42926e-06 -1.05107e-08  4.86504e-10 -1.38556e-23 -5.54763e-21  1.34604e-09  1.48297e-10  1.63809e-10 -6.46536e-11  3.05224e-10 -1.77428e-09 -3.42896e-10 -2.37283e-10
-1.69695e-10 -7.28554e-08  5.93061e-12   1.4059e-05  1.40176e-10 -7.53482e-09  0.000651245  0.000705292  6.79233e-09 -5.82623e-07  -9.5402e-22  1.90019e-19 -3.94347e-09  1.75084e-07 -1.16144e-09  8.60542e-10 -1.57214e-08  2.47337e-08  6.77765e-10  1.23944e-08
 7.39265e-09  2.50887e-08 -2.89006e-12  1.40176e-10    0.0686867 -2.35148e-09 -0.000620703 -0.000667812 -3.64348e-09  6.14217e-09 -6.19377e-23 -2.71018e-19 -3.02667e-09 -5.69828e-11 -2.37203e-08 -8.13514e-10 -2.30956e-08 -3.01683e-10 -6.68204e-10  3.06486e-11
 2.03395e-07 -1.65769e-06  6.89374e-10 -7.53482e-09 -2.35148e-09    0.0333421  0.000429414   0.00122404  3.52761e-06 -2.12925e-06  1.53836e-20 -3.10452e-19 -8.00857e-07 -1.48906e-07  1.94756e-07  6.49067e-08 -1.22752e-06  1.63328e-06  1.66396e-07  1.52802e-07
   0.0108063      0.12111  6.28018e-06  0.000651245 -0.000620703  0.000429414       220713     -5235.62    0.0310623     0.147061  1.96822e-16  1.03869e-14 -0.000248728   -0.0107713  -0.00227541  -4.9172e-05   0.00381436   0.00219889   0.00193449   0.00584173
   0.0114569     0.130319  6.42926e-06  0.000705292 -0.000667812   0.00122404     -5235.62       108324    0.0313378      0.15935    2.014e-16  1.33422e-14  0.000448669   -0.0115112  -0.00326765 -0.000108837   0.00509568  0.000921012   0.00198383   0.00612939
-7.11402e-07  7.97091e-06 -1.05107e-08  6.79233e-09 -3.64348e-09  3.52761e-06    0.0310623    0.0313378     0.262597 -1.60929e-06 -1.35475e-19 -1.57317e-17  5.12167e-06  1.49225e-06 -1.93992e-07 -3.03982e-07  2.32102e-06 -9.08689e-06 -1.34417e-06 -1.14918e-06
-6.04333e-07 -1.62799e-05  4.86504e-10 -5.82623e-07  6.14217e-09 -2.12925e-06     0.147061      0.15935 -1.60929e-06     0.262541 -1.70569e-19 -8.10258e-18 -7.02639e-07  3.13982e-05 -8.41119e-07  1.43728e-07 -3.29982e-06  3.69928e-06 -2.50218e-08   2.2586e-06
-4.18856e-21  4.88926e-21 -1.38556e-23  -9.5402e-22 -6.19377e-23  1.53836e-20  1.96822e-16    2.014e-16 -1.35475e-19 -1.70569e-19  1.40625e-27  -2.8518e-32  3.52739e-21  5.92243e-20 -1.29821e-20 -1.24203e-21  7.23815e-21 -3.00212e-20 -5.09636e-21  -1.8512e-21
-3.70516e-18    4.057e-18 -5.54763e-21  1.90019e-19 -2.71018e-19 -3.10452e-19  1.03869e-14  1.33422e-14 -1.57317e-17 -8.10258e-18  -2.8518e-32  4.01995e-22   2.2865e-19 -3.79664e-19 -6.45976e-19 -3.45243e-19 -2.01875e-18 -5.46176e-18 -1.11035e-18 -9.06718e-19
 1.44475e-07 -1.19381e-06  1.34604e-09 -3.94347e-09 -3.02667e-09 -8.00857e-07 -0.000248728  0.000448669  5.12167e-06 -7.02639e-07  3.52739e-21   2.2865e-19    0.0325341 -7.06015e-08  2.50851e-07  5.18642e-08 -1.26412e-06  9.32073e-07  -6.5545e-07   1.9364e-07
 4.88618e-08  6.19263e-07  1.48297e-10  1.75084e-07 -5.69828e-11 -1.48906e-07   -0.0107713   -0.0115112  1.49225e-06  3.13982e-05  5.92243e-20 -3.79664e-19 -7.06015e-08    0.0571116  1.00525e-07  5.81994e-09  2.73387e-08  5.90394e-08  7.84896e-08 -4.16402e-06
 1.38189e-07  -1.2653e-06  1.63809e-10 -1.16144e-09 -2.37203e-08  1.94756e-07  -0.00227541  -0.00326765 -1.93992e-07 -8.41119e-07 -1.29821e-20 -6.45976e-19  2.50851e-07  1.00525e-07     0.136271 -2.40404e-08  9.99352e-08 -4.99154e-07 -9.39818e-08 -1.05144e-07
-2.28175e-08  1.21504e-07 -6.46536e-11  8.60542e-10 -8.13514e-10  6.49067e-08  -4.9172e-05 -0.000108837 -3.03982e-07  1.43728e-07 -1.24203e-21 -3.45243e-19  5.18642e-08  5.81994e-09 -2.40404e-08   0.00143517   8.9903e-08 -1.39567e-07 -1.56314e-08  -1.5917e-08
 8.30892e-07 -7.99256e-07  3.05224e-10 -1.57214e-08 -2.30956e-08 -1.22752e-06   0.00381436   0.00509568  2.32102e-06 -3.29982e-06  7.23815e-21 -2.01875e-18 -1.26412e-06  2.73387e-08  9.99352e-08   8.9903e-08     0.127474  2.38026e-06  1.41485e-07  2.23724e-07
-4.72196e-07  3.18866e-06 -1.77428e-09  2.47337e-08 -3.01683e-10  1.63328e-06   0.00219889  0.000921012 -9.08689e-06  3.69928e-06 -3.00212e-20 -5.46176e-18  9.32073e-07  5.90394e-08 -4.99154e-07 -1.39567e-07  2.38026e-06    0.0271686 -3.93088e-07 -3.84174e-07
-6.37472e-08   1.6408e-07 -3.42896e-10  6.77765e-10 -6.68204e-10  1.66396e-07   0.00193449   0.00198383 -1.34417e-06 -2.50218e-08 -5.09636e-21 -1.11035e-18  -6.5545e-07  7.84896e-08 -9.39818e-08 -1.56314e-08  1.41485e-07 -3.93088e-07   0.00357666 -5.21285e-08
-1.10755e-07 -2.52454e-07 -2.37283e-10  1.23944e-08  3.06486e-11  1.52802e-07   0.00584173   0.00612939 -1.14918e-06   2.2586e-06  -1.8512e-21 -9.06718e-19   1.9364e-07 -4.16402e-06 -1.05144e-07  -1.5917e-08  2.23724e-07 -3.84174e-07 -5.21285e-08   0.00707513
* row and column names
af_m
af_p
alpha_m
alpha_p
auf_m
auf_p
den_m
den_p
n_m
n_p
perm_m
perm_p
por_m
por_p
tcd_m
tcd_p
tcs_m
tcs_p
wr_m
wr_p
