    20    20     1
    0.316148 -1.23448e-07 -2.48486e-10  4.45929e-10 -5.42651e-09  3.14095e-07  0.000129899  3.59886e-06 -6.95148e-07  2.80808e-07   -1.365e-20  3.00231e-19  3.03972e-07  4.06454e-08   6.4071e-08  -2.9077e-08  7.10103e-07  -5.6621e-07 -7.04039e-08 -8.15785e-08
-1.23448e-07     0.318567  5.50109e-10 -5.10059e-10 -3.21936e-09 -3.85311e-07 -0.000243773 -3.64968e-05  1.30289e-06  1.35013e-07  1.24491e-20  4.87298e-19 -2.72093e-07  2.81052e-08 -2.17925e-07  3.69839e-08 -1.76117e-07  5.76847e-07  2.51852e-08  9.76996e-08
-2.48486e-10  5.50109e-10  4.68321e-07  -9.7714e-13 -2.79557e-11   1.3762e-09  5.72317e-07  2.69916e-08   -1.148e-08 -4.64561e-10 -1.65797e-22 -1.85764e-21  2.53552e-09   3.1965e-10 -2.66095e-10 -1.48722e-10  7.17693e-10 -2.68489e-09   -5.261e-10 -4.21566e-10
 4.45929e-10 -5.10059e-10  -9.7714e-13  1.40624e-05 -2.39061e-11  -1.1868e-09 -1.68436e-06 -1.36889e-07 -1.50044e-09 -3.20684e-08  1.96978e-23  -9.6447e-21  -1.3623e-09  1.80386e-08   9.6926e-10  2.24279e-11 -2.93319e-09  1.59022e-09  4.16659e-11  3.51432e-09
-5.42651e-09 -3.21936e-09 -2.79557e-11 -2.39061e-11    0.0686867  2.18689e-08  2.02443e-05   6.6274e-07 -7.14359e-08  -2.9923e-08 -1.86294e-21 -9.46159e-21   2.7925e-08  1.84407e-09 -1.90064e-08 -4.78287e-09 -8.06254e-09 -4.39406e-08 -8.28752e-09 -1.09047e-08
 3.14095e-07 -3.85311e-07   1.3762e-09  -1.1868e-09  2.18689e-08    0.0333417 -0.000872441 -2.92844e-05  3.79656e-06 -5.42865e-07  6.70416e-20    4.364e-19 -1.36077e-06 -1.21617e-07  4.00317e-07  1.18491e-07 -1.37295e-06  2.17636e-06  2.61394e-07  3.31663e-07
 0.000129899 -0.000243773  5.72317e-07 -1.68436e-06  2.02443e-05 -0.000872441       225624   -0.0255421   0.00158236 -0.000631728  3.25635e-17 -5.57182e-16 -0.000867107  -4.0797e-05   0.00060157  7.81246e-05 -0.000928576   0.00145742   0.00012251  0.000218293
 3.59886e-06 -3.64968e-05  2.69916e-08 -1.36889e-07   6.6274e-07 -2.92844e-05   -0.0255421       113906  4.60306e-05  1.39248e-05  1.65336e-19 -7.41158e-16 -5.21767e-06 -1.19488e-05  -2.0327e-05  1.44418e-06 -7.51036e-06  3.99181e-05  1.32559e-06  2.40817e-06
-6.95148e-07  1.30289e-06   -1.148e-08 -1.50044e-09 -7.14359e-08  3.79656e-06   0.00158236  4.60306e-05     0.262619 -8.47905e-07 -5.00594e-19 -5.43769e-18  7.54348e-06  7.10497e-07 -8.51809e-07 -3.92069e-07  1.89635e-06 -7.78094e-06 -1.41493e-06 -1.13141e-06
 2.80808e-07  1.35013e-07 -4.64561e-10 -3.20684e-08  -2.9923e-08 -5.42865e-07 -0.000631728  1.39248e-05 -8.47905e-07     0.262643  2.48394e-21 -3.04887e-19 -4.45697e-07  6.89821e-06  5.06978e-07  2.77955e-08 -1.30149e-06  7.55815e-07  3.82578e-08  1.46162e-06
  -1.365e-20  1.24491e-20 -1.65797e-22  1.96978e-23 -1.86294e-21  6.70416e-20  3.25635e-17  1.65336e-19 -5.00594e-19  2.48394e-21  1.40624e-27 -9.79975e-32  1.27086e-19  5.44839e-21 -3.63514e-20 -6.81364e-21  3.09702e-20 -1.25292e-19 -2.33609e-20 -2.14063e-20
 3.00231e-19  4.87298e-19 -1.85764e-21  -9.6447e-21 -9.46159e-21    4.364e-19 -5.57182e-16 -7.41158e-16 -5.43769e-18 -3.04887e-19 -9.79975e-32  4.01996e-22  5.63967e-19 -4.84818e-20  1.41847e-19 -1.45576e-19 -7.66209e-19 -1.09514e-18 -2.07792e-19 -7.03858e-20
 3.03972e-07 -2.72093e-07  2.53552e-09  -1.3623e-09   2.7925e-08 -1.36077e-06 -0.000867107 -5.21767e-06  7.54348e-06 -4.45697e-07  1.27086e-19  5.63967e-19    0.0325342 -1.17792e-07  5.89274e-07  1.18018e-07 -1.36884e-06  2.15821e-06 -4.77112e-07  3.46831e-07
 4.06454e-08  2.81052e-08   3.1965e-10  1.80386e-08  1.84407e-09 -1.21617e-07  -4.0797e-05 -1.19488e-05  7.10497e-07  6.89821e-06  5.44839e-21 -4.84818e-20 -1.17792e-07    0.0571184  4.11914e-08   1.1342e-08 -3.38237e-08  1.87697e-07  4.60507e-08 -4.09421e-06
  6.4071e-08 -2.17925e-07 -2.66095e-10   9.6926e-10 -1.90064e-08  4.00317e-07   0.00060157  -2.0327e-05 -8.51809e-07  5.06978e-07 -3.63514e-20  1.41847e-19  5.89274e-07  4.11914e-08     0.136272 -3.89541e-08  1.88571e-07 -7.88994e-07 -1.33041e-07 -1.07682e-07
 -2.9077e-08  3.69839e-08 -1.48722e-10  2.24279e-11 -4.78287e-09  1.18491e-07  7.81246e-05  1.44418e-06 -3.92069e-07  2.77955e-08 -6.81364e-21 -1.45576e-19  1.18018e-07   1.1342e-08 -3.89541e-08   0.00143517  1.18068e-07 -2.13429e-07  -2.7278e-08 -3.39785e-08
 7.10103e-07 -1.76117e-07  7.17693e-10 -2.93319e-09 -8.06254e-09 -1.37295e-06 -0.000928576 -7.51036e-06  1.89635e-06 -1.30149e-06  3.09702e-20 -7.66209e-19 -1.36884e-06 -3.38237e-08  1.88571e-07  1.18068e-07     0.127474  2.28758e-06  1.73509e-07  3.39643e-07
 -5.6621e-07  5.76847e-07 -2.68489e-09  1.59022e-09 -4.39406e-08  2.17636e-06   0.00145742  3.99181e-05 -7.78094e-06  7.55815e-07 -1.25292e-19 -1.09514e-18  2.15821e-06  1.87697e-07 -7.88994e-07 -2.13429e-07  2.28758e-06    0.0271685 -5.24378e-07 -6.15818e-07
-7.04039e-08  2.51852e-08   -5.261e-10  4.16659e-11 -8.28752e-09  2.61394e-07   0.00012251  1.32559e-06 -1.41493e-06  3.82578e-08 -2.33609e-20 -2.07792e-19 -4.77112e-07  4.60507e-08 -1.33041e-07  -2.7278e-08  1.73509e-07 -5.24378e-07   0.00357665 -7.71978e-08
-8.15785e-08  9.76996e-08 -4.21566e-10  3.51432e-09 -1.09047e-08  3.31663e-07  0.000218293  2.40817e-06 -1.13141e-06  1.46162e-06 -2.14063e-20 -7.03858e-20  3.46831e-07 -4.09421e-06 -1.07682e-07 -3.39785e-08  3.39643e-07 -6.15818e-07 -7.71978e-08   0.00707502
* row and column names
af_m
af_p
alpha_m
alpha_p
auf_m
auf_p
den_m
den_p
n_m
n_p
perm_m
perm_p
por_m
por_p
tcd_m
tcd_p
tcs_m
tcs_p
wr_m
wr_p
