    20    20     1
    0.316148 -8.03659e-07 -6.03216e-10 -4.48314e-09 -2.72168e-09  2.08061e-07 -1.04971e-05 -8.28773e-05  -7.5368e-07 -9.89083e-08 -3.55148e-20  1.05078e-18  2.45739e-07  4.33511e-08 -9.73744e-08 -4.04366e-08  6.01951e-07 -6.91928e-07 -1.18963e-07 -1.63591e-07
-8.03659e-07     0.318558   1.3773e-09  -7.7301e-08 -9.19107e-08 -1.31379e-06  -0.00105736 -0.000268479   4.4169e-06 -6.87367e-06 -8.63101e-20  1.02936e-17 -9.31551e-07  8.16295e-07 -1.01835e-06  7.48444e-08 -7.25352e-07  2.03756e-06  2.46004e-08 -1.89031e-07
-6.03216e-10   1.3773e-09  4.68321e-07   9.3715e-13  3.93041e-12  1.19854e-09  5.26901e-07 -2.30804e-08 -1.02397e-08   2.4249e-10 -9.69332e-23 -1.93112e-21  2.29277e-09  3.50821e-10 -4.66862e-10  -1.2298e-10  6.79086e-10 -2.79724e-09 -5.12163e-10 -4.19314e-10
-4.48314e-09  -7.7301e-08   9.3715e-13   1.4059e-05 -9.47656e-10  -1.2021e-08 -1.34123e-05 -2.35452e-06  5.84072e-09 -3.77124e-07 -1.37302e-21  8.95684e-20 -6.74454e-09  1.54254e-07 -3.68029e-09  6.40011e-10 -1.68427e-08  1.91944e-08  -3.8558e-10  1.12614e-08
-2.72168e-09 -9.19107e-08  3.93041e-12 -9.47656e-10    0.0686867 -1.09931e-08 -1.00012e-05 -1.80412e-06  1.04049e-08 -8.89782e-08 -1.04892e-21  6.74589e-20 -6.10936e-09  1.39642e-08 -1.47014e-08  8.67524e-10 -2.01544e-08   1.8732e-08 -1.94914e-09 -3.18791e-09
 2.08061e-07 -1.31379e-06  1.19854e-09  -1.2021e-08 -1.09931e-08    0.0333419 -0.000845361 -5.33466e-05   3.3383e-06 -1.56704e-06  3.45379e-20  1.00519e-18  -1.2617e-06 -1.86954e-07  4.03837e-07  8.37015e-08 -1.28326e-06  2.14538e-06  2.40348e-07  2.25344e-07
-1.04971e-05  -0.00105736  5.26901e-07 -1.34123e-05 -1.00012e-05 -0.000845361       225624   -0.0584216   0.00149262  -0.00160825  1.36595e-17  4.89223e-16 -0.000927275 -1.79365e-05  0.000623024   5.5628e-05 -0.000959249    0.0015354  0.000117049  0.000134427
-8.28773e-05 -0.000268479 -2.30804e-08 -2.35452e-06 -1.80412e-06 -5.33466e-05   -0.0584216       113906  8.55478e-05 -0.000152284 -2.08857e-18  2.56821e-16 -3.47427e-05 -1.79691e-05 -7.28827e-05 -2.30526e-06 -4.21791e-05  3.03102e-05 -5.15461e-06 -1.50497e-05
 -7.5368e-07   4.4169e-06 -1.02397e-08  5.84072e-09  1.04049e-08   3.3383e-06   0.00149262  8.55478e-05     0.262621  5.42845e-07 -3.06445e-19 -6.85809e-18  6.96995e-06  1.25531e-06 -9.29148e-07 -3.09982e-07  1.71054e-06 -7.96199e-06 -1.26684e-06 -9.53255e-07
-9.89083e-08 -6.87367e-06   2.4249e-10 -3.77124e-07 -8.89782e-08 -1.56704e-06  -0.00160825 -0.000152284  5.42845e-07     0.262611 -1.36364e-19  6.01397e-18 -1.04296e-06  1.81923e-05 -4.33542e-08  1.12346e-07 -2.37446e-06  2.53994e-06  1.28729e-08  1.68007e-06
-3.55148e-20 -8.63101e-20 -9.69332e-23 -1.37302e-21 -1.04892e-21  3.45379e-20  1.36595e-17 -2.08857e-18 -3.06445e-19 -1.36364e-19  1.40623e-27  1.17041e-31  7.75593e-20  5.93763e-20 -6.96899e-20 -5.57032e-21  2.07917e-20 -1.04813e-19 -1.88395e-20 -1.54585e-20
 1.05078e-18  1.02936e-17 -1.93112e-21  8.95684e-20  6.74589e-20  1.00519e-18  4.89223e-16  2.56821e-16 -6.85809e-18  6.01397e-18  1.17041e-31  4.01996e-22  9.79504e-19  5.34156e-20  1.35578e-18 -5.23859e-20 -5.37013e-19 -1.54016e-18  1.91445e-20  5.02025e-19
 2.45739e-07 -9.31551e-07  2.29277e-09 -6.74454e-09 -6.10936e-09  -1.2617e-06 -0.000927275 -3.47427e-05  6.96995e-06 -1.04296e-06  7.75593e-20  9.79504e-19    0.0325343 -2.22893e-07  6.97199e-07  9.08024e-08 -1.44097e-06  2.27814e-06 -4.93987e-07  3.10624e-07
 4.33511e-08  8.16295e-07  3.50821e-10  1.54254e-07  1.39642e-08 -1.86954e-07 -1.79365e-05 -1.79691e-05  1.25531e-06  1.81923e-05  5.93763e-20  5.34156e-20 -2.22893e-07    0.0571144  1.51645e-07    7.813e-09 -4.86477e-08  2.29101e-07  1.11693e-07 -3.89776e-06
-9.73744e-08 -1.01835e-06 -4.66862e-10 -3.68029e-09 -1.47014e-08  4.03837e-07  0.000623024 -7.28827e-05 -9.29148e-07 -4.33542e-08 -6.96899e-20  1.35578e-18  6.97199e-07  1.51645e-07     0.136272 -4.78953e-08  1.57774e-07  -1.0626e-06  -1.7895e-07 -1.72462e-07
-4.04366e-08  7.48444e-08  -1.2298e-10  6.40011e-10  8.67524e-10  8.37015e-08   5.5628e-05 -2.30526e-06 -3.09982e-07  1.12346e-07 -5.57032e-21 -5.23859e-20  9.08024e-08    7.813e-09 -4.78953e-08   0.00143517  8.88312e-08 -1.86821e-07 -2.28739e-08 -2.28821e-08
 6.01951e-07 -7.25352e-07  6.79086e-10 -1.68427e-08 -2.01544e-08 -1.28326e-06 -0.000959249 -4.21791e-05  1.71054e-06 -2.37446e-06  2.07917e-20 -5.37013e-19 -1.44097e-06 -4.86477e-08  1.57774e-07  8.88312e-08     0.127474  2.35875e-06  1.75249e-07  2.45715e-07
-6.91928e-07  2.03756e-06 -2.79724e-09  1.91944e-08   1.8732e-08  2.14538e-06    0.0015354  3.03102e-05 -7.96199e-06  2.53994e-06 -1.04813e-19 -1.54016e-18  2.27814e-06  2.29101e-07  -1.0626e-06 -1.86821e-07  2.35875e-06    0.0271678 -5.67489e-07 -5.44045e-07
-1.18963e-07  2.46004e-08 -5.12163e-10  -3.8558e-10 -1.94914e-09  2.40348e-07  0.000117049 -5.15461e-06 -1.26684e-06  1.28729e-08 -1.88395e-20  1.91445e-20 -4.93987e-07  1.11693e-07  -1.7895e-07 -2.28739e-08  1.75249e-07 -5.67489e-07   0.00357664 -7.44272e-08
-1.63591e-07 -1.89031e-07 -4.19314e-10  1.12614e-08 -3.18791e-09  2.25344e-07  0.000134427 -1.50497e-05 -9.53255e-07  1.68007e-06 -1.54585e-20  5.02025e-19  3.10624e-07 -3.89776e-06 -1.72462e-07 -2.28821e-08  2.45715e-07 -5.44045e-07 -7.44272e-08   0.00707514
* row and column names
af_m
af_p
alpha_m
alpha_p
auf_m
auf_p
den_m
den_p
n_m
n_p
perm_m
perm_p
por_m
por_p
tcd_m
tcd_p
tcs_m
tcs_p
wr_m
wr_p
