    20    20     1
    0.316148 -7.98779e-07 -1.56544e-10 -2.61408e-09  1.03728e-09  2.67543e-07   0.00931283   0.00984057 -9.57237e-07 -2.75379e-07 -7.93586e-21  6.62371e-19    1.483e-07   9.1847e-08  1.93562e-07  -2.1064e-08   9.1814e-07 -6.36071e-07 -7.16513e-08 -1.02473e-07
-7.98779e-07     0.318552  2.28892e-09 -8.85906e-08 -4.84858e-08 -1.68473e-06     0.121541     0.130851  7.17038e-06 -1.64511e-05 -2.80881e-20  7.83083e-18 -1.39106e-06  8.69447e-07 -9.40101e-07  1.39447e-07 -7.93713e-07  2.90119e-06  1.56524e-07  -2.4614e-07
-1.56544e-10  2.28892e-09  4.68322e-07  5.47495e-12  7.07145e-12  9.84557e-10  5.97977e-06  5.86137e-06 -1.15462e-08  4.63249e-10 -4.44619e-23 -1.43869e-21  1.35267e-09  2.97423e-10 -2.96942e-10 -9.34869e-11  4.92095e-10 -2.24372e-09 -4.23592e-10 -3.26521e-10
-2.61408e-09 -8.85906e-08  5.47495e-12  1.40588e-05 -2.17575e-10 -9.16116e-09  0.000828883   0.00089701   1.1285e-08 -5.93573e-07 -1.64734e-21  7.43412e-20 -5.05949e-09  1.72109e-07 -2.63256e-10  9.11712e-10 -1.29108e-08  2.30741e-08  1.82709e-10  1.03357e-08
 1.03728e-09 -4.84858e-08  7.07145e-12 -2.17575e-10    0.0686867 -3.54876e-09  0.000227832  0.000235726  1.70517e-08 -4.05995e-08  2.57829e-22  3.32764e-20 -4.66098e-09  2.70329e-09 -2.74966e-08  2.49459e-10 -9.29301e-09  3.34753e-09 -2.63604e-10  -4.5188e-10
 2.67543e-07 -1.68473e-06  9.84557e-10 -9.16116e-09 -3.54876e-09     0.033342   0.00045771   0.00133421  4.42301e-06 -2.27374e-06  1.72899e-20   3.2709e-19 -7.67421e-07 -1.55448e-07  3.55339e-07   7.5849e-08  -1.2276e-06  2.00868e-06  2.21765e-07  1.94141e-07
  0.00931283     0.121541  5.97977e-06  0.000828883  0.000227832   0.00045771       220715     -5235.41    0.0261952     0.144684  3.39008e-16 -6.12844e-14 -0.000924774   -0.0129979  -0.00442083 -0.000148572   0.00534498   0.00251237   0.00140935   0.00621344
  0.00984057     0.130851  5.86137e-06   0.00089701  0.000235726   0.00133421     -5235.41       108323     0.025443     0.156963  3.52703e-16 -6.53091e-14 -0.000294772   -0.0138917  -0.00562879 -0.000223025   0.00672753  0.000915577   0.00137451   0.00648739
-9.57237e-07  7.17038e-06 -1.15462e-08   1.1285e-08  1.70517e-08  4.42301e-06    0.0261952     0.025443     0.262596 -1.46213e-06 -2.13677e-19 -5.57778e-18  6.19765e-06  1.84324e-06 -1.80034e-06 -3.73894e-07  2.61032e-06 -1.08326e-05 -1.70443e-06 -1.35866e-06
-2.75379e-07 -1.64511e-05  4.63249e-10 -5.93573e-07 -4.05995e-08 -2.27374e-06     0.144684     0.156963 -1.46213e-06     0.262544 -2.21137e-19  7.80774e-18 -8.31824e-07  3.09711e-05 -3.42221e-07  1.64836e-07  -3.1602e-06  3.86102e-06 -8.47212e-09  2.25573e-06
-7.93586e-21 -2.80881e-20 -4.44619e-23 -1.64734e-21  2.57829e-22  1.72899e-20  3.39008e-16  3.52703e-16 -2.13677e-19 -2.21137e-19  1.40624e-27  1.07424e-31  1.31183e-20  6.57901e-20 -2.30492e-20 -1.72782e-21  1.13168e-20 -5.01898e-20 -1.11871e-20 -7.07802e-21
 6.62371e-19  7.83083e-18 -1.43869e-21  7.43412e-20  3.32764e-20   3.2709e-19 -6.12844e-14 -6.53091e-14 -5.57778e-18  7.80774e-18  1.07424e-31  4.01996e-22  6.88606e-19  2.88527e-20  2.86528e-19 -2.65779e-20 -1.41245e-18 -5.92339e-19 -4.59662e-20  5.93323e-19
   1.483e-07 -1.39106e-06  1.35267e-09 -5.05949e-09 -4.66098e-09 -7.67421e-07 -0.000924774 -0.000294772  6.19765e-06 -8.31824e-07  1.31183e-20  6.88606e-19    0.0325345 -3.98542e-08  1.00011e-07  4.82899e-08 -1.16479e-06  1.13165e-06 -6.88828e-07  1.69933e-07
  9.1847e-08  8.69447e-07  2.97423e-10  1.72109e-07  2.70329e-09 -1.55448e-07   -0.0129979   -0.0138917  1.84324e-06  3.09711e-05  6.57901e-20  2.88527e-20 -3.98542e-08    0.0571118  1.26541e-07  1.13087e-08   3.2448e-09  1.74775e-07  1.11254e-07 -4.10953e-06
 1.93562e-07 -9.40101e-07 -2.96942e-10 -2.63256e-10 -2.74966e-08  3.55339e-07  -0.00442083  -0.00562879 -1.80034e-06 -3.42221e-07 -2.30492e-20  2.86528e-19  1.00011e-07  1.26541e-07     0.136271 -3.51524e-08 -1.05181e-08 -1.04904e-06 -1.69518e-07 -1.39077e-07
 -2.1064e-08  1.39447e-07 -9.34869e-11  9.11712e-10  2.49459e-10   7.5849e-08 -0.000148572 -0.000223025 -3.73894e-07  1.64836e-07 -1.72782e-21 -2.65779e-20  4.82899e-08  1.13087e-08 -3.51524e-08   0.00143517  9.10062e-08 -1.68501e-07 -1.95328e-08 -1.83955e-08
  9.1814e-07 -7.93713e-07  4.92095e-10 -1.29108e-08 -9.29301e-09  -1.2276e-06   0.00534498   0.00672753  2.61032e-06  -3.1602e-06  1.13168e-20 -1.41245e-18 -1.16479e-06   3.2448e-09 -1.05181e-08  9.10062e-08     0.127474  2.56555e-06  1.61921e-07  2.47227e-07
-6.36071e-07  2.90119e-06 -2.24372e-09  2.30741e-08  3.34753e-09  2.00868e-06   0.00251237  0.000915577 -1.08326e-05  3.86102e-06 -5.01898e-20 -5.92339e-19  1.13165e-06  1.74775e-07 -1.04904e-06 -1.68501e-07  2.56555e-06    0.0271676 -5.34373e-07 -5.00093e-07
-7.16513e-08  1.56524e-07 -4.23592e-10  1.82709e-10 -2.63604e-10  2.21765e-07   0.00140935   0.00137451 -1.70443e-06 -8.47212e-09 -1.11871e-20 -4.59662e-20 -6.88828e-07  1.11254e-07 -1.69518e-07 -1.95328e-08  1.61921e-07 -5.34373e-07   0.00357665 -6.44075e-08
-1.02473e-07  -2.4614e-07 -3.26521e-10  1.03357e-08  -4.5188e-10  1.94141e-07   0.00621344   0.00648739 -1.35866e-06  2.25573e-06 -7.07802e-21  5.93323e-19  1.69933e-07 -4.10953e-06 -1.39077e-07 -1.83955e-08  2.47227e-07 -5.00093e-07 -6.44075e-08   0.00707512
* row and column names
af_m
af_p
alpha_m
alpha_p
auf_m
auf_p
den_m
den_p
n_m
n_p
perm_m
perm_p
por_m
por_p
tcd_m
tcd_p
tcs_m
tcs_p
wr_m
wr_p
