    20    20     1
    0.316148 -9.21689e-07  8.27797e-11 -5.74588e-09  7.96051e-09  1.60845e-07   0.00966058    0.0102117  6.17581e-08 -5.07504e-07  -5.4794e-21  4.33974e-18  1.10701e-07  7.28606e-08  1.32092e-07  -1.3699e-08  8.84354e-07 -3.59528e-07 -2.54784e-08 -7.93753e-08
-9.21689e-07     0.318553  2.57795e-09 -7.57724e-08 -1.79793e-08 -1.59089e-06      0.11048     0.118955  8.54051e-06 -1.61701e-05 -5.33418e-20  4.88443e-17 -1.48886e-06  8.51206e-07 -1.12344e-06  9.28884e-08 -8.46071e-07  2.83987e-06  1.86348e-07 -1.87103e-07
 8.27797e-11  2.57795e-09   4.6832e-07  1.78142e-12   4.7211e-12  6.01942e-10  4.62869e-06  4.71655e-06 -1.62619e-08  1.77912e-10  8.61839e-24  -1.1155e-20  3.53003e-09  5.21436e-12  2.10554e-10 -4.15629e-11  2.40823e-10 -1.36982e-09 -3.30624e-10 -2.83011e-10
-5.74588e-09 -7.57724e-08  1.78142e-12  1.40579e-05 -1.21243e-10 -3.88616e-09  0.000869691  0.000935258 -1.91789e-08 -7.69148e-07  -1.9626e-21  9.01934e-20  7.61696e-10  2.09622e-07 -2.92587e-09  2.80161e-10 -1.06018e-08  1.46096e-08  6.63341e-11  9.34429e-09
 7.96051e-09 -1.79793e-08   4.7211e-12 -1.21243e-10    0.0686867 -5.66749e-09 -0.000140835 -0.000153009  2.27795e-08 -3.05557e-08 -1.00052e-22  5.11191e-20 -2.61456e-09  1.82372e-09 -2.28335e-08  3.54685e-10 -2.17707e-08  1.18414e-08  4.26497e-10   7.3854e-10
 1.60845e-07 -1.59089e-06  6.01942e-10 -3.88616e-09 -5.66749e-09    0.0333425   0.00156922   0.00212813   2.2332e-06 -1.54201e-06 -1.81436e-21  4.03931e-18 -5.69548e-07 -9.64027e-08 -2.64898e-08  3.37327e-08 -7.69767e-07  9.66228e-07  8.42599e-08  9.37913e-08
  0.00966058      0.11048  4.62869e-06  0.000869691 -0.000140835   0.00156922       220711      -5237.3    0.0226265     0.147734  4.94995e-16 -6.20763e-13  -0.00240692   -0.0135276  -0.00519021 -7.51227e-06   0.00262047  0.000921525  0.000406938    0.0057153
   0.0102117     0.118955  4.71655e-06  0.000935258 -0.000153009   0.00212813      -5237.3       108324    0.0232977     0.159594  5.28638e-16 -6.60226e-13  -0.00200437   -0.0145027  -0.00620989 -3.76128e-05    0.0033683  0.000121197  0.000403105   0.00604513
 6.17581e-08  8.54051e-06 -1.62619e-08 -1.91789e-08  2.27795e-08   2.2332e-06    0.0226265    0.0232977     0.262595 -5.27989e-06   2.0831e-20 -3.85021e-17  1.06183e-05  1.15789e-06  1.04719e-06 -1.52489e-07  1.34611e-06 -5.15754e-06 -8.42587e-07 -1.07342e-06
-5.07504e-07 -1.61701e-05  1.77912e-10 -7.69148e-07 -3.05557e-08 -1.54201e-06     0.147734     0.159594 -5.27989e-06       0.2625 -3.62018e-19 -5.97269e-18 -1.21639e-07  4.04693e-05 -1.06879e-06  7.57428e-08 -2.68881e-06  2.46515e-06  -1.4257e-08  2.35566e-06
 -5.4794e-21 -5.33418e-20  8.61839e-24  -1.9626e-21 -1.00052e-22 -1.81436e-21  4.94995e-16  5.28638e-16   2.0831e-20 -3.62018e-19  1.40625e-27  3.61404e-31 -6.63568e-21  1.04147e-19 -8.00554e-21  4.99629e-23  2.46228e-22  3.51664e-21 -1.18486e-21  5.34001e-21
 4.33974e-18  4.88443e-17  -1.1155e-20  9.01934e-20  5.11191e-20  4.03931e-18 -6.20763e-13 -6.60226e-13 -3.85021e-17 -5.97269e-18  3.61404e-31  4.01993e-22  4.27519e-18  1.17132e-17  5.11225e-18 -2.55989e-19 -3.63948e-18 -7.26458e-18 -9.44988e-19  1.86793e-18
 1.10701e-07 -1.48886e-06  3.53003e-09  7.61696e-10 -2.61456e-09 -5.69548e-07  -0.00240692  -0.00200437  1.06183e-05 -1.21639e-07 -6.63568e-21  4.27519e-18    0.0325317  5.53055e-09  2.32649e-07  3.36585e-08 -8.19221e-07  8.93903e-07  -7.6914e-07  2.25156e-07
 7.28606e-08  8.51206e-07  5.21436e-12  2.09622e-07  1.82372e-09 -9.64027e-08   -0.0135276   -0.0145027  1.15789e-06  4.04693e-05  1.04147e-19  1.17132e-17  5.53055e-09    0.0571108  8.63927e-08  6.49338e-09  7.56666e-08  3.11046e-08  6.22637e-08 -4.19752e-06
 1.32092e-07 -1.12344e-06  2.10554e-10 -2.92587e-09 -2.28335e-08 -2.64898e-08  -0.00519021  -0.00620989  1.04719e-06 -1.06879e-06 -8.00554e-21  5.11225e-18  2.32649e-07  8.63927e-08     0.136271 -2.61429e-09 -3.05069e-07  -1.3087e-08  -1.8066e-08 -3.09891e-08
 -1.3699e-08  9.28884e-08 -4.15629e-11  2.80161e-10  3.54685e-10  3.37327e-08 -7.51227e-06 -3.76128e-05 -1.52489e-07  7.57428e-08  4.99629e-23 -2.55989e-19  3.36585e-08  6.49338e-09 -2.61429e-09   0.00143518  4.99258e-08 -6.82772e-08  -6.1724e-09 -8.12477e-09
 8.84354e-07 -8.46071e-07  2.40823e-10 -1.06018e-08 -2.17707e-08 -7.69767e-07   0.00262047    0.0033683  1.34611e-06 -2.68881e-06  2.46228e-22 -3.63948e-18 -8.19221e-07  7.56666e-08 -3.05069e-07  4.99258e-08     0.127474  1.52615e-06  8.35552e-08  1.24416e-07
-3.59528e-07  2.83987e-06 -1.36982e-09  1.46096e-08  1.18414e-08  9.66228e-07  0.000921525  0.000121197 -5.15754e-06  2.46515e-06  3.51664e-21 -7.26458e-18  8.93903e-07  3.11046e-08  -1.3087e-08 -6.82772e-08  1.52615e-06    0.0271704 -1.93911e-07 -2.35303e-07
-2.54784e-08  1.86348e-07 -3.30624e-10  6.63341e-11  4.26497e-10  8.42599e-08  0.000406938  0.000403105 -8.42587e-07  -1.4257e-08 -1.18486e-21 -9.44988e-19  -7.6914e-07  6.22637e-08  -1.8066e-08  -6.1724e-09  8.35552e-08 -1.93911e-07   0.00357673 -2.32177e-08
-7.93753e-08 -1.87103e-07 -2.83011e-10  9.34429e-09   7.3854e-10  9.37913e-08    0.0057153   0.00604513 -1.07342e-06  2.35566e-06  5.34001e-21  1.86793e-18  2.25156e-07 -4.19752e-06 -3.09891e-08 -8.12477e-09  1.24416e-07 -2.35303e-07 -2.32177e-08   0.00707499
* row and column names
af_m
af_p
alpha_m
alpha_p
auf_m
auf_p
den_m
den_p
n_m
n_p
perm_m
perm_p
por_m
por_p
tcd_m
tcd_p
tcs_m
tcs_p
wr_m
wr_p
