    20    20     1
    0.316147 -3.65918e-07 -4.35492e-10  1.52317e-09  6.06918e-10  9.29844e-07  0.000507044 -1.73584e-05 -1.61937e-06  1.57462e-06 -5.80003e-21  1.65282e-17  9.88581e-07  8.24506e-08  1.10258e-07 -6.86222e-08   3.1864e-06 -1.98513e-06 -1.98497e-07 -2.26369e-07
-3.65918e-07     0.318534  6.74829e-09 -1.82939e-07 -2.09212e-07 -4.40502e-06   -0.0032575 -0.000694726  2.85663e-05 -3.58069e-05   3.5587e-20  1.48827e-16 -2.74915e-06  1.08727e-06 -3.93624e-06  3.09414e-07 -1.74505e-06  8.12014e-06  5.60877e-07 -5.93914e-07
-4.35492e-10  6.74829e-09  4.68315e-07  6.89078e-12  5.18527e-11  3.11364e-09  1.69516e-06  2.02831e-07 -4.33121e-08  1.41569e-09 -5.10057e-23 -3.40024e-20  5.47899e-09  6.51452e-10 -7.60439e-10 -2.27858e-10  1.92426e-09 -6.90786e-09 -1.44523e-09 -8.96868e-10
 1.52317e-09 -1.82939e-07  6.89078e-12  1.40506e-05 -8.14512e-10 -6.22165e-09  -2.3459e-05 -1.53977e-06  3.08459e-08 -1.95876e-06 -2.00504e-21   3.7836e-19 -3.80907e-10  5.59181e-07 -1.97159e-08  2.18461e-10 -2.10833e-08  2.33579e-08 -2.90828e-09  2.35062e-08
 6.06918e-10 -2.09212e-07  5.18527e-11 -8.14512e-10    0.0686867 -1.23377e-08  2.64153e-05 -5.32556e-06  2.16305e-07 -1.50156e-07  2.33417e-22  1.50633e-18  -3.7969e-09   7.1189e-09 -1.13686e-07   7.9361e-10 -6.71255e-09  1.67032e-08  2.35642e-10 -3.02233e-09
 9.29844e-07 -4.40502e-06  3.11364e-09 -6.22165e-09 -1.23377e-08    0.0333404  -0.00215501 -0.000122216  1.28603e-05  -4.1296e-06  3.42863e-20  4.78695e-18 -2.54394e-06 -6.91727e-07  1.19598e-06  1.83924e-07 -3.19802e-06  5.13771e-06  6.88134e-07  5.13644e-07
 0.000507044   -0.0032575  1.69516e-06  -2.3459e-05  2.64153e-05  -0.00215501       225622   -0.0576799   0.00701964  -0.00620912  2.27907e-17 -9.12391e-15  -0.00233927 -9.70187e-05   0.00283521  0.000154947  -0.00260165   0.00444355  0.000405013  0.000322955
-1.73584e-05 -0.000694726  2.02831e-07 -1.53977e-06 -5.32556e-06 -0.000122216   -0.0576799       113906  0.000817367 -0.000419662  1.68481e-18  3.54364e-15 -5.59457e-05 -4.86085e-05 -0.000118416  8.66105e-06  3.32084e-05  0.000217039  2.10918e-05 -4.84085e-06
-1.61937e-06  2.85663e-05 -4.33121e-08  3.08459e-08  2.16305e-07  1.28603e-05   0.00701964  0.000817367     0.262454  3.53697e-06 -2.19334e-19 -1.52729e-16  2.51909e-05  3.22774e-06   -2.866e-06 -9.14962e-07  7.15561e-06 -2.78094e-05 -5.53106e-06 -3.46158e-06
 1.57462e-06 -3.58069e-05  1.41569e-09 -1.95876e-06 -1.50156e-07  -4.1296e-06  -0.00620912 -0.000419662  3.53697e-06      0.26228 -3.29526e-19 -5.33345e-18 -1.31371e-06  0.000100592 -2.75944e-06  2.70152e-07 -7.30205e-06  7.11376e-06 -1.07859e-07  6.24432e-06
-5.80003e-21   3.5587e-20 -5.10057e-23 -2.00504e-21  2.33417e-22  3.42863e-20  2.27907e-17  1.68481e-18 -2.19334e-19 -3.29526e-19  1.40625e-27 -4.04127e-31   2.6719e-20  1.18731e-19 -4.24549e-20 -2.37045e-21  1.97505e-20 -6.88764e-20 -1.68196e-20 -2.68769e-21
 1.65282e-17  1.48827e-16 -3.40024e-20   3.7836e-19  1.50633e-18  4.78695e-18 -9.12391e-15  3.54364e-15 -1.52729e-16 -5.33345e-18 -4.04127e-31  4.01994e-22  1.25208e-19  3.29594e-17  3.52742e-17 -2.02894e-19 -3.29757e-17 -5.57797e-18  -1.3605e-18  8.66289e-18
 9.88581e-07 -2.74915e-06  5.47899e-09 -3.80907e-10  -3.7969e-09 -2.54394e-06  -0.00233927 -5.59457e-05  2.51909e-05 -1.31371e-06   2.6719e-20  1.25208e-19    0.0325249  -5.0488e-07  2.17413e-06  1.75231e-07 -3.74905e-06  4.91159e-06 -1.81238e-06  6.75079e-07
 8.24506e-08  1.08727e-06  6.51452e-10  5.59181e-07   7.1189e-09 -6.91727e-07 -9.70187e-05 -4.86085e-05  3.22774e-06  0.000100592  1.18731e-19  3.29594e-17  -5.0488e-07    0.0570727  6.71573e-07  5.12177e-08 -1.25057e-07  1.10347e-06  2.84855e-07 -1.19781e-05
 1.10258e-07 -3.93624e-06 -7.60439e-10 -1.97159e-08 -1.13686e-07  1.19598e-06   0.00283521 -0.000118416   -2.866e-06 -2.75944e-06 -4.24549e-20  3.52742e-17  2.17413e-06  6.71573e-07     0.136266 -8.93001e-08  9.43957e-07 -2.75781e-06 -5.90813e-07 -4.33538e-07
-6.86222e-08  3.09414e-07 -2.27858e-10  2.18461e-10   7.9361e-10  1.83924e-07  0.000154947  8.66105e-06 -9.14962e-07  2.70152e-07 -2.37045e-21 -2.02894e-19  1.75231e-07  5.12177e-08 -8.93001e-08   0.00143517  2.32218e-07 -3.74089e-07 -4.96914e-08 -4.02849e-08
  3.1864e-06 -1.74505e-06  1.92426e-09 -2.10833e-08 -6.71255e-09 -3.19802e-06  -0.00260165  3.32084e-05  7.15561e-06 -7.30205e-06  1.97505e-20 -3.29757e-17 -3.74905e-06 -1.25057e-07  9.43957e-07  2.32218e-07     0.127468  6.77239e-06  5.85554e-07  6.76517e-07
-1.98513e-06  8.12014e-06 -6.90786e-09  2.33579e-08  1.67032e-08  5.13771e-06   0.00444355  0.000217039 -2.78094e-05  7.11376e-06 -6.88764e-20 -5.57797e-18  4.91159e-06  1.10347e-06 -2.75781e-06 -3.74089e-07  6.77239e-06    0.0271613 -1.46862e-06 -1.13767e-06
-1.98497e-07  5.60877e-07 -1.44523e-09 -2.90828e-09  2.35642e-10  6.88134e-07  0.000405013  2.10918e-05 -5.53106e-06 -1.07859e-07 -1.68196e-20  -1.3605e-18 -1.81238e-06  2.84855e-07 -5.90813e-07 -4.96914e-08  5.85554e-07 -1.46862e-06    0.0035759 -1.91651e-07
-2.26369e-07 -5.93914e-07 -8.96868e-10  2.35062e-08 -3.02233e-09  5.13644e-07  0.000322955 -4.84085e-06 -3.46158e-06  6.24432e-06 -2.68769e-21  8.66289e-18  6.75079e-07 -1.19781e-05 -4.33538e-07 -4.02849e-08  6.76517e-07 -1.13767e-06 -1.91651e-07   0.00707239
* row and column names
af_m
af_p
alpha_m
alpha_p
auf_m
auf_p
den_m
den_p
n_m
n_p
perm_m
perm_p
por_m
por_p
tcd_m
tcd_p
tcs_m
tcs_p
wr_m
wr_p
