    20    20     1
    0.316146 -1.29702e-06 -1.38667e-09  2.24476e-09 -2.88708e-08  9.17007e-07  0.000387887 -8.91544e-05  4.53436e-07  1.65285e-06 -1.05808e-20  1.75093e-19  8.76668e-07  1.48989e-07   4.2389e-07 -8.71936e-08  3.09651e-06 -1.47436e-06 -1.63995e-07 -2.65532e-07
-1.29702e-06      0.31856   2.7982e-09  -1.2157e-09 -1.27009e-07   -2.348e-06  -0.00139635 -0.000442409  9.61347e-06 -4.36352e-06  2.63585e-20 -2.34953e-18 -1.25719e-06  1.27943e-07 -1.33464e-06  2.01143e-07 -9.06342e-07  3.99009e-06  2.59558e-07  5.07348e-07
-1.38667e-09   2.7982e-09  4.68304e-07 -8.87407e-12  1.12259e-10  4.56227e-09  1.77686e-06  4.17606e-07 -3.86598e-08 -1.44166e-09 -2.72935e-22  6.06937e-21  9.44231e-09   7.6052e-10  3.71957e-10 -4.31833e-10  2.93155e-09 -7.63635e-09 -1.99209e-09 -1.46071e-09
 2.24476e-09  -1.2157e-09 -8.87407e-12   1.4062e-05  8.01691e-10 -2.18574e-09 -6.30726e-06  1.59147e-06 -2.65466e-08 -2.68172e-07 -1.09967e-22  9.93337e-20 -2.70643e-09  7.54354e-08  4.64432e-09  1.38848e-10  -1.2906e-08  3.38227e-09 -2.35783e-10  1.23913e-08
-2.88708e-08 -1.27009e-07  1.12259e-10  8.01691e-10    0.0686867 -3.92934e-08   1.8525e-05 -1.77514e-05  3.87965e-07  3.09288e-07  1.54655e-21 -1.18518e-19 -2.90924e-08 -2.03083e-08 -7.21294e-08  3.13333e-09  9.61871e-09  6.52467e-08  8.60256e-09  1.73152e-08
 9.17007e-07   -2.348e-06  4.56227e-09 -2.18574e-09 -3.92934e-08    0.0333395  -0.00230656 -0.000179866   6.5415e-06  -3.2307e-06  7.78547e-20 -2.85746e-18 -3.62442e-06 -3.91338e-07  2.61962e-07  2.83029e-07 -4.06804e-06  5.09589e-06     6.22e-07  8.10728e-07
 0.000387887  -0.00139635  1.77686e-06 -6.30726e-06   1.8525e-05  -0.00230656       225622    -0.028308  0.000999268  -0.00427721  3.49253e-17  -6.3669e-16   -0.0023761 -0.000105142   0.00143063  0.000200718  -0.00279925   0.00368125  0.000201338  0.000538834
-8.91544e-05 -0.000442409  4.17606e-07  1.59147e-06 -1.77514e-05 -0.000179866    -0.028308       113906   0.00114983  0.000495614  5.19076e-18 -3.64716e-16  -8.0498e-05 -9.68877e-05 -0.000163251  1.50173e-05  0.000116166  0.000272533  3.24395e-05  3.05907e-05
 4.53436e-07  9.61347e-06 -3.86598e-08 -2.65466e-08  3.87965e-07   6.5415e-06  0.000999268   0.00114983     0.262547 -6.86459e-06 -5.51851e-19  1.51762e-17  2.07409e-05  9.77076e-07   4.9345e-06 -5.81929e-07  1.80919e-06 -1.23037e-05  -2.6036e-06 -2.08913e-06
 1.65285e-06 -4.36352e-06 -1.44166e-09 -2.68172e-07  3.09288e-07  -3.2307e-06  -0.00427721  0.000495614 -6.86459e-06     0.262485 -2.59044e-20   4.2797e-17 -2.77377e-06  4.66593e-05  1.44956e-06  2.68267e-07 -7.77242e-06  4.83857e-06  8.30378e-08  9.37476e-06
-1.05808e-20  2.63585e-20 -2.72935e-22 -1.09967e-22  1.54655e-21  7.78547e-20  3.49253e-17  5.19076e-18 -5.51851e-19 -2.59044e-20  1.40624e-27  1.22376e-31  1.88618e-19  1.14935e-20 -3.23388e-20 -6.11042e-21  4.77487e-20 -9.67596e-20 -3.27038e-20 -2.04416e-20
 1.75093e-19 -2.34953e-18  6.06937e-21  9.93337e-20 -1.18518e-19 -2.85746e-18  -6.3669e-16 -3.64716e-16  1.51762e-17   4.2797e-17  1.22376e-31  4.01996e-22 -3.46328e-18 -8.09252e-19 -1.37469e-18  2.57237e-19 -2.19907e-18  4.00581e-18  9.38218e-19  2.52811e-18
 8.76668e-07 -1.25719e-06  9.44231e-09 -2.70643e-09 -2.90924e-08 -3.62442e-06   -0.0023761  -8.0498e-05  2.07409e-05 -2.77377e-06  1.88618e-19 -3.46328e-18    0.0325238 -2.86655e-07    1.249e-06  2.77818e-07 -4.46222e-06  4.74071e-06  -1.3847e-06   8.6123e-07
 1.48989e-07  1.27943e-07   7.6052e-10  7.54354e-08 -2.03083e-08 -3.91338e-07 -0.000105142 -9.68877e-05  9.77076e-07  4.66593e-05  1.14935e-20 -8.09252e-19 -2.86655e-07    0.0570905 -6.82623e-09  2.96597e-08 -1.55627e-07  4.34673e-07  6.87489e-08 -1.20023e-05
  4.2389e-07 -1.33464e-06  3.71957e-10  4.64432e-09 -7.21294e-08  2.61962e-07   0.00143063 -0.000163251   4.9345e-06  1.44956e-06 -3.23388e-20 -1.37469e-18    1.249e-06 -6.82623e-09      0.13627 -2.87934e-08  1.65093e-07 -1.85432e-07 -6.24832e-08 -6.36538e-08
-8.71936e-08  2.01143e-07 -4.31833e-10  1.38848e-10  3.13333e-09  2.83029e-07  0.000200718  1.50173e-05 -5.81929e-07  2.68267e-07 -6.11042e-21  2.57237e-19  2.77818e-07  2.96597e-08 -2.87934e-08   0.00143515  3.53718e-07 -4.66178e-07 -5.50476e-08 -7.66747e-08
 3.09651e-06 -9.06342e-07  2.93155e-09  -1.2906e-08  9.61871e-09 -4.06804e-06  -0.00279925  0.000116166  1.80919e-06 -7.77242e-06  4.77487e-20 -2.19907e-18 -4.46222e-06 -1.55627e-07  1.65093e-07  3.53718e-07     0.127467  6.51929e-06  4.56093e-07    9.932e-07
-1.47436e-06  3.99009e-06 -7.63635e-09  3.38227e-09  6.52467e-08  5.09589e-06   0.00368125  0.000272533 -1.23037e-05  4.83857e-06 -9.67596e-20  4.00581e-18  4.74071e-06  4.34673e-07 -1.85432e-07 -4.66178e-07  6.51929e-06    0.0271632  -9.3039e-07 -1.38837e-06
-1.63995e-07  2.59558e-07 -1.99209e-09 -2.35783e-10  8.60256e-09     6.22e-07  0.000201338  3.24395e-05  -2.6036e-06  8.30378e-08 -3.27038e-20  9.38218e-19  -1.3847e-06  6.87489e-08 -6.24832e-08 -5.50476e-08  4.56093e-07  -9.3039e-07   0.00357595 -1.75778e-07
-2.65532e-07  5.07348e-07 -1.46071e-09  1.23913e-08  1.73152e-08  8.10728e-07  0.000538834  3.05907e-05 -2.08913e-06  9.37476e-06 -2.04416e-20  2.52811e-18   8.6123e-07 -1.20023e-05 -6.36538e-08 -7.66747e-08    9.932e-07 -1.38837e-06 -1.75778e-07   0.00707238
* row and column names
af_m
af_p
alpha_m
alpha_p
auf_m
auf_p
den_m
den_p
n_m
n_p
perm_m
perm_p
por_m
por_p
tcd_m
tcd_p
tcs_m
tcs_p
wr_m
wr_p
