    26    26     1
    0.316132  1.76046e-06 -4.18858e-07  1.26667e-08 -4.08053e-08  -9.3466e-07 -4.76863e-06   -0.0064557   -0.0084473  9.00632e-07  2.21343e-05 -7.19153e-06 -1.66977e-07   -5.956e-12 -3.20444e-19 -2.09647e-16  6.95557e-06   8.3833e-07 -8.65319e-07 -2.26703e-07  2.11743e-06 -3.10532e-06  1.15758e-06 -9.30789e-07  1.07743e-07 -4.37892e-08
 1.76046e-06     0.318486  2.92791e-05 -4.14436e-08 -1.77655e-07 -2.52323e-07 -5.39847e-06  -0.00296467  9.76481e-05  1.37568e-05 -7.52191e-05  -9.3576e-06  1.60094e-08 -8.96798e-11  7.77579e-19 -4.95046e-16 -2.91575e-05  2.17634e-06  -2.5607e-06  4.26674e-07 -5.18155e-06  2.07238e-05 -2.77827e-06 -1.16835e-06  9.87211e-08  3.78413e-09
-4.18858e-07  2.92791e-05    0.0424678  5.61698e-08  2.94156e-07 -5.29929e-07 -7.32094e-06   -0.0127141  -0.00202345 -2.95159e-05  0.000120681  2.09011e-05 -1.53675e-08  1.27567e-10 -5.73724e-19  1.54555e-16  1.01669e-05  -1.4165e-05 -2.09486e-07  9.64162e-08 -1.74072e-06  1.79042e-05  6.17376e-06  1.77373e-06 -5.05309e-07  2.11386e-08
 1.26667e-08 -4.14436e-08  5.61698e-08  4.68179e-07 -3.37283e-10  9.19527e-10  1.40533e-08  2.33028e-05  7.88335e-06  2.20826e-08 -2.77844e-07 -8.57684e-09  1.39429e-10 -1.74355e-13   1.4937e-21 -7.50378e-20 -2.04271e-08  1.05761e-08 -2.58765e-09 -3.11838e-10 -2.41458e-09 -3.03967e-08 -1.53894e-08 -8.47742e-10  2.36523e-10  2.52637e-11
-4.08053e-08 -1.77655e-07  2.94156e-07 -3.37283e-10  6.24688e-06 -5.24259e-09  3.12768e-08  4.08379e-05  -1.9662e-05  1.22361e-07 -6.35344e-07 -1.92502e-07    -5.05e-10 -5.24069e-13  4.97825e-21 -3.30227e-18 -8.19156e-08  5.99389e-08 -1.21072e-08 -3.09357e-09 -1.96047e-08 -1.14135e-07 -3.56692e-08 -1.48559e-08  1.69913e-09 -4.33014e-10
 -9.3466e-07 -2.52323e-07 -5.29929e-07  9.19527e-10 -5.24259e-09    0.0686865 -3.13813e-07 -0.000573905 -0.000570761 -1.68008e-07  1.99789e-06 -3.56125e-07 -1.12374e-08 -1.09962e-12  4.21107e-21 -3.43866e-17  2.98578e-07 -6.48664e-08 -3.39959e-07 -3.48076e-08 -3.98703e-07   -1.466e-08  8.05771e-08 -6.81896e-08 -1.11296e-08 -4.87222e-09
-4.76863e-06 -5.39847e-06 -7.32094e-06  1.40533e-08  3.12768e-08 -3.13813e-07    0.0333382  -0.00640821  -0.00297746 -2.23013e-06  3.13589e-05    -9.67e-08 -5.26254e-08  1.73065e-11 -1.77973e-19 -1.17815e-16 -3.37529e-07 -2.50277e-06 -2.84989e-07  1.19431e-07 -7.00863e-07  7.81563e-06  1.77941e-06 -1.15415e-07 -2.45047e-08 -8.53625e-09
  -0.0064557  -0.00296467   -0.0127141  2.33028e-05  4.08379e-05 -0.000573905  -0.00640821       225613     -4.01902   -0.0043953     0.053989 -0.000364345 -7.54518e-05  3.61772e-08 -2.23665e-16 -2.52429e-13   0.00199809  -0.00547202  5.07911e-05  0.000162972  -0.00305132    0.0101906    0.0027488 -8.29481e-05 -7.52015e-05 -1.70799e-05
  -0.0084473  9.76481e-05  -0.00202345  7.88335e-06  -1.9662e-05 -0.000570761  -0.00297746     -4.01902       113901 -0.000214222    0.0143463  -0.00319118 -9.36763e-05  2.78822e-10 -1.48277e-16  -1.3413e-13   0.00323455 -0.000768506 -0.000938927 -0.000101689 -0.000478746 -0.000298358  0.000741112 -0.000448934  2.58995e-05 -2.29684e-05
 9.00632e-07  1.37568e-05 -2.95159e-05  2.20826e-08  1.22361e-07 -1.68008e-07 -2.23013e-06   -0.0043953 -0.000214222    0.0133552  4.82623e-05  9.46952e-06  5.38399e-09  5.74028e-11 -1.96642e-19  6.46213e-17  4.43905e-06 -5.71287e-06 -5.12563e-08  3.98442e-08 -7.03457e-07   6.7933e-06  2.42524e-06  7.64368e-07 -2.05002e-07  1.10444e-08
 2.21343e-05 -7.52191e-05  0.000120681 -2.77844e-07 -6.35344e-07  1.99789e-06  3.13589e-05     0.053989    0.0143463  4.82623e-05     0.261925 -1.48275e-05  2.41857e-07 -4.18444e-10  2.90101e-18  2.26693e-16 -3.70197e-05  4.25048e-05 -4.68384e-06 -8.86974e-07 -4.27476e-06 -6.96229e-05 -3.03851e-05 -1.88592e-06  4.99046e-07  4.71281e-08
-7.19153e-06  -9.3576e-06  2.09011e-05 -8.57684e-09 -1.92502e-07 -3.56125e-07    -9.67e-08 -0.000364345  -0.00319118  9.46952e-06 -1.48275e-05    0.0656293 -7.86097e-08 -2.09697e-11 -1.49686e-20    -2.09e-16 -3.90611e-06  8.21806e-06  4.91852e-07 -2.04023e-07   8.9233e-07 -1.27785e-05 -9.96811e-07 -1.79389e-06  1.83533e-07  -3.6385e-08
-1.66977e-07  1.60094e-08 -1.53675e-08  1.39429e-10    -5.05e-10 -1.12374e-08 -5.26254e-08 -7.54518e-05 -9.36763e-05  5.38399e-09  2.41857e-07 -7.86097e-08  5.62473e-05 -1.60781e-14  -2.9281e-21  -2.3942e-18  6.45911e-08  3.63337e-09 -1.77267e-08  -2.5028e-09 -1.98799e-08 -2.36529e-08  1.21753e-08 -9.72964e-09 -2.18648e-09 -7.48883e-10
  -5.956e-12 -8.96798e-11  1.27567e-10 -1.74355e-13 -5.24069e-13 -1.09962e-12  1.73065e-11  3.61772e-08  2.78822e-10  5.74028e-11 -4.18444e-10 -2.09697e-11 -1.60781e-14  1.40625e-05  1.82559e-24 -2.64838e-22 -1.56034e-11  2.84968e-11 -9.43094e-12 -9.83652e-13  6.66568e-12 -5.58521e-11 -2.07834e-11 -2.76116e-12  8.36387e-13 -3.59013e-14
-3.20444e-19  7.77579e-19 -5.73724e-19   1.4937e-21  4.97825e-21  4.21107e-21 -1.77973e-19 -2.23665e-16 -1.48277e-16 -1.96642e-19  2.90101e-18 -1.49686e-20  -2.9281e-21  1.82559e-24  1.40621e-27  8.06404e-30  4.59477e-19 -3.02463e-20  6.14095e-20  9.77747e-22   2.3534e-19  7.93145e-20  1.45055e-19  3.86883e-21  2.46624e-21 -5.57499e-22
-2.09647e-16 -4.95046e-16  1.54555e-16 -7.50378e-20 -3.30227e-18 -3.43866e-17 -1.17815e-16 -2.52429e-13  -1.3413e-13  6.46213e-17  2.26693e-16    -2.09e-16  -2.3942e-18 -2.64838e-22  8.06404e-30  4.01976e-22  -3.6618e-17 -1.20087e-16  -6.6219e-17  7.93448e-19 -2.22309e-16  1.33705e-16  1.19353e-18 -2.19583e-17  1.84211e-18 -9.81112e-19
 6.95557e-06 -2.91575e-05  1.01669e-05 -2.04271e-08 -8.19156e-08  2.98578e-07 -3.37529e-07   0.00199809   0.00323455  4.43905e-06 -3.70197e-05 -3.90611e-06  6.45911e-08 -1.56034e-11  4.59477e-19  -3.6618e-17    0.0324858  2.89944e-06  2.42787e-07  1.96473e-07 -1.87122e-07  9.36889e-06 -2.98755e-06 -3.18871e-07 -3.93685e-08  1.29469e-08
  8.3833e-07  2.17634e-06  -1.4165e-05  1.05761e-08  5.99389e-08 -6.48664e-08 -2.50277e-06  -0.00547202 -0.000768506 -5.71287e-06  4.25048e-05  8.21806e-06  3.63337e-09  2.84968e-11 -3.02463e-20 -1.20087e-16  2.89944e-06    0.0297909 -1.30848e-07  2.34314e-07 -2.37347e-06  7.33321e-06  1.40822e-06 -1.23508e-07  -4.3289e-08  7.85002e-09
-8.65319e-07  -2.5607e-06 -2.09486e-07 -2.58765e-09 -1.21072e-08 -3.39959e-07 -2.84989e-07  5.07911e-05 -0.000938927 -5.12563e-08 -4.68384e-06  4.91852e-07 -1.77267e-08 -9.43094e-12  6.14095e-20  -6.6219e-17  2.42787e-07 -1.30848e-07     0.136271 -6.86168e-08 -1.48076e-06 -2.25663e-07 -3.06415e-07 -3.94323e-08 -3.03836e-08 -6.46414e-09
-2.26703e-07  4.26674e-07  9.64162e-08 -3.11838e-10 -3.09357e-09 -3.48076e-08  1.19431e-07  0.000162972 -0.000101689  3.98442e-08 -8.86974e-07 -2.04023e-07  -2.5028e-09 -9.83652e-13  9.77747e-22  7.93448e-19  1.96473e-07  2.34314e-07 -6.86168e-08   0.00143515   5.0995e-08 -5.68251e-07 -5.61096e-08 -3.27755e-08 -1.60356e-09 -1.52734e-09
 2.11743e-06 -5.18155e-06 -1.74072e-06 -2.41458e-09 -1.96047e-08 -3.98703e-07 -7.00863e-07  -0.00305132 -0.000478746 -7.03457e-07 -4.27476e-06   8.9233e-07 -1.98799e-08  6.66568e-12   2.3534e-19 -2.22309e-16 -1.87122e-07 -2.37347e-06 -1.48076e-06   5.0995e-08     0.127462  2.22762e-06  -3.7339e-07  1.81072e-08 -1.30001e-07 -7.58031e-09
-3.10532e-06  2.07238e-05  1.79042e-05 -3.03967e-08 -1.14135e-07   -1.466e-08  7.81563e-06    0.0101906 -0.000298358   6.7933e-06 -6.96229e-05 -1.27785e-05 -2.36529e-08 -5.58521e-11  7.93145e-20  1.33705e-16  9.36889e-06  7.33321e-06 -2.25663e-07 -5.68251e-07  2.22762e-06    0.0271372 -4.55515e-06 -9.00662e-07  1.73849e-07 -2.23918e-08
 1.15758e-06 -2.77827e-06  6.17376e-06 -1.53894e-08 -3.56692e-08  8.05771e-08  1.77941e-06    0.0027488  0.000741112  2.42524e-06 -3.03851e-05 -9.96811e-07  1.21753e-08 -2.07834e-11  1.45055e-19  1.19353e-18 -2.98755e-06  1.40822e-06 -3.06415e-07 -5.61096e-08  -3.7339e-07 -4.55515e-06   0.00357462 -7.33832e-08  2.76576e-08  1.86948e-09
-9.30789e-07 -1.16835e-06  1.77373e-06 -8.47742e-10 -1.48559e-08 -6.81896e-08 -1.15415e-07 -8.29481e-05 -0.000448934  7.64368e-07 -1.88592e-06 -1.79389e-06 -9.72964e-09 -2.76116e-12  3.86883e-21 -2.19583e-17 -3.18871e-07 -1.23508e-07 -3.94323e-08 -3.27755e-08  1.81072e-08 -9.00662e-07 -7.33832e-08   0.00193562  1.50742e-08 -4.86256e-09
 1.07743e-07  9.87211e-08 -5.05309e-07  2.36523e-10  1.69913e-09 -1.11296e-08 -2.45047e-08 -7.52015e-05  2.58995e-05 -2.05002e-07  4.99046e-07  1.83533e-07 -2.18648e-09  8.36387e-13  2.46624e-21  1.84211e-18 -3.93685e-08  -4.3289e-08 -3.03836e-08 -1.60356e-09 -1.30001e-07  1.73849e-07  2.76576e-08  1.50742e-08  0.000224981 -6.76191e-10
-4.37892e-08  3.78413e-09  2.11386e-08  2.52637e-11 -4.33014e-10 -4.87222e-09 -8.53625e-09 -1.70799e-05 -2.29684e-05  1.10444e-08  4.71281e-08  -3.6385e-08 -7.48883e-10 -3.59013e-14 -5.57499e-22 -9.81112e-19  1.29469e-08  7.85002e-09 -6.46414e-09 -1.52734e-09 -7.58031e-09 -2.23918e-08  1.86948e-09 -4.86256e-09 -6.76191e-10  3.51525e-06
* row and column names
af_m
af_p
albedo_bg
alpha_m
alpha_p
auf_m
auf_p
den_m
den_p
e_bg
n_m
n_p
pen_s
pen_w
perm_m
perm_p
por_m
por_p
tcd_m
tcd_p
tcs_m
tcs_p
wr_m
wr_p
z_bg
z_s
