    26    26     1
    0.316133 -9.43908e-06  1.65091e-05 -4.42187e-08   9.4667e-08 -3.94214e-07 -1.34161e-07  -0.00349234  -0.00429087  7.07749e-06 -5.33762e-05 -1.49913e-06 -1.35823e-07  3.87141e-09 -1.20447e-19 -4.34249e-16 -3.02541e-06  4.97467e-06 -3.38475e-06  -9.7739e-07  3.50164e-06 -9.10478e-06 -2.78723e-06 -1.39887e-06  3.55687e-08 -3.19303e-08
-9.43908e-06      0.31849  1.43465e-05 -2.95284e-08  6.45018e-08 -1.03015e-06 -1.26618e-05  -0.00520419  -0.00320114  8.02722e-06 -4.01724e-05 -5.26754e-06 -7.17153e-08  1.50587e-08   6.0843e-20 -1.16808e-16 -2.21891e-05 -1.09742e-06  -2.8768e-06 -1.62148e-07  9.34411e-07  2.45952e-05 -6.11267e-07  -1.2183e-06 -1.32002e-07 -1.71978e-08
 1.65091e-05  1.43465e-05    0.0424779   6.7766e-08  7.05107e-08 -3.03323e-07 -2.07363e-06  -0.00033117  0.000380686 -2.34752e-05  0.000106912  1.41029e-05  8.33324e-08 -1.25013e-08  1.48853e-19  2.63375e-16  9.20254e-07 -1.58333e-05   1.1597e-06  1.10355e-06 -1.05908e-05  1.46321e-05  4.65775e-06  1.76601e-06 -5.74552e-07  1.57568e-08
-4.42187e-08 -2.95284e-08   6.7766e-08  4.68051e-07  4.71347e-10 -6.61846e-10 -1.50314e-09 -6.61172e-06 -1.15106e-05  2.95514e-08 -3.53029e-07 -9.74465e-10 -4.05932e-10  9.26512e-12 -6.51764e-22 -1.10701e-18 -1.04251e-08  1.56992e-08 -2.34509e-08 -4.32769e-09 -6.91987e-11 -5.68407e-08 -1.84888e-08 -5.77203e-09 -8.19075e-11 -9.87792e-11
  9.4667e-08  6.45018e-08  7.05107e-08  4.71347e-10  6.24493e-06  5.72005e-09  4.11167e-08  4.83439e-05  5.52314e-05  6.63446e-10  3.28776e-07 -2.40581e-07  2.04179e-09 -3.85584e-11  6.68428e-22   5.3036e-18  2.85728e-09  6.36495e-08  1.25049e-07  1.04275e-08  6.44459e-08  4.84893e-08  2.49985e-08  1.42061e-08  5.09882e-09  3.48567e-10
-3.94214e-07 -1.03015e-06 -3.03323e-07 -6.61846e-10  5.72005e-09    0.0686863 -1.22883e-07 -0.000471515 -0.000140806 -3.84161e-08 -5.21791e-07 -2.16169e-08 -4.11636e-09  8.49887e-11  3.93211e-21 -1.74682e-17 -2.47938e-07  2.00483e-07  -4.4667e-07 -3.54075e-08 -2.86254e-07 -2.62076e-07 -6.45196e-08 -3.47849e-08 -2.60664e-08 -1.22686e-09
-1.34161e-07 -1.26618e-05 -2.07363e-06 -1.50314e-09  4.11167e-08 -1.22883e-07    0.0333392   -0.0013433 -0.000163082 -1.12208e-07  1.45924e-06  1.53156e-06 -9.72284e-09  1.94591e-09  1.43853e-20  9.81021e-18 -5.23757e-06 -2.79787e-06 -1.45521e-06 -2.57344e-10 -1.01614e-06  6.75165e-06  3.39413e-07 -1.89209e-07 -1.09602e-07 -3.06791e-09
 -0.00349234  -0.00520419  -0.00033117 -6.61172e-06  4.83439e-05 -0.000471515   -0.0013433       225620     -2.25127  0.000612373  -0.00274873   0.00255232 -5.28002e-05  4.92826e-07 -1.92437e-17 -1.47447e-13  -0.00321774  0.000362414 -0.000427345 -0.000260641  -0.00119975   0.00150624 -0.000194276 -0.000366487 -0.000123376 -1.31466e-05
 -0.00429087  -0.00320114  0.000380686 -1.15106e-05  5.52314e-05 -0.000140806 -0.000163082     -2.25127       113903  0.000539712  -0.00967231   0.00252854 -5.95146e-05  3.80365e-07 -3.52497e-17 -1.79701e-13 -0.000993513  0.000538169 -0.000652443 -0.000300921  -0.00150543  -0.00104615 -0.000691459 -0.000315484  -8.8786e-05 -1.48413e-05
 7.07749e-06  8.02722e-06 -2.34752e-05  2.95514e-08  6.63446e-10 -3.84161e-08 -1.12208e-07  0.000612373  0.000539712    0.0133589  4.47241e-05  4.54632e-06  4.47467e-08 -4.83108e-09  5.50118e-20  1.30817e-16  1.25734e-06 -5.78054e-06  1.41443e-06  4.89931e-07 -3.25658e-06  5.38851e-06   2.0095e-06  8.23967e-07 -1.78605e-07  9.09387e-09
-5.33762e-05 -4.01724e-05  0.000106912 -3.53029e-07  3.28776e-07 -5.21791e-07  1.45924e-06  -0.00274873  -0.00967231  4.47241e-05     0.262011 -2.80752e-05 -4.35735e-07  1.40439e-08 -9.76308e-19 -1.19212e-15 -1.58468e-05  4.06378e-05 -2.45046e-05 -4.85615e-06  3.23747e-06 -8.42093e-05 -2.43477e-05 -6.81602e-06  3.60997e-07 -1.03233e-07
-1.49913e-06 -5.26754e-06  1.41029e-05 -9.74465e-10 -2.40581e-07 -2.16169e-08  1.53156e-06   0.00255232   0.00252854  4.54632e-06 -2.80752e-05     0.065618  4.91246e-08  4.61261e-10 -1.23831e-20  9.39733e-17 -3.90937e-06  5.48712e-07  1.79061e-06  6.92762e-08  5.50706e-06 -6.29575e-06 -5.76174e-07  5.56667e-07  2.81872e-07  6.96654e-09
-1.35823e-07 -7.17153e-08  8.33324e-08 -4.05932e-10  2.04179e-09 -4.11636e-09 -9.72284e-09 -5.28002e-05 -5.95146e-05  4.47467e-08 -4.35735e-07  4.91246e-08  5.62474e-05  6.32554e-11 -1.41727e-21  -6.6449e-18 -3.45415e-09  3.57862e-08 -4.70591e-08 -9.21682e-09 -1.33948e-08 -4.92304e-08 -2.31728e-08 -1.20276e-08 -1.58635e-09  -4.6447e-10
 3.87141e-09  1.50587e-08 -1.25013e-08  9.26512e-12 -3.85584e-11  8.49887e-11  1.94591e-09  4.92826e-07  3.80365e-07 -4.83108e-09  1.40439e-08  4.61261e-10  6.32554e-11  1.40625e-05  4.04082e-24  1.54982e-19  2.14312e-09 -4.14328e-09  8.17751e-10  9.41456e-11 -5.77588e-09 -7.29403e-09  5.71727e-11   3.0255e-10 -1.24278e-10  1.43721e-12
-1.20447e-19   6.0843e-20  1.48853e-19 -6.51764e-22  6.68428e-22  3.93211e-21  1.43853e-20 -1.92437e-17 -3.52497e-17  5.50118e-20 -9.76308e-19 -1.23831e-20 -1.41727e-21  4.04082e-24  1.40624e-27 -3.92481e-30  -1.0458e-20  1.09391e-19 -5.49346e-20 -1.14446e-20  3.74125e-20 -1.42358e-19 -4.44939e-20 -1.55289e-20  8.95805e-22 -3.57819e-22
-4.34249e-16 -1.16808e-16  2.63375e-16 -1.10701e-18   5.3036e-18 -1.74682e-17  9.81021e-18 -1.47447e-13 -1.79701e-13  1.30817e-16 -1.19212e-15  9.39733e-17  -6.6449e-18  1.54982e-19 -3.92481e-30  4.01975e-22  2.34008e-17  1.54355e-16 -1.18331e-16 -2.77966e-17 -1.94781e-17 -2.32407e-16 -6.72779e-17 -3.34432e-17 -2.56251e-18 -1.20674e-18
-3.02541e-06 -2.21891e-05  9.20254e-07 -1.04251e-08  2.85728e-09 -2.47938e-07 -5.23757e-06  -0.00321774 -0.000993513  1.25734e-06 -1.58468e-05 -3.90937e-06 -3.45415e-09  2.14312e-09  -1.0458e-20  2.34008e-17     0.032491  5.25215e-07 -7.45619e-07 -1.78021e-07    1.032e-06   1.0181e-05 -1.68236e-06 -6.45052e-07 -7.27149e-08 -8.36266e-09
 4.97467e-06 -1.09742e-06 -1.58333e-05  1.56992e-08  6.36495e-08  2.00483e-07 -2.79787e-06  0.000362414  0.000538169 -5.78054e-06  4.06378e-05  5.48712e-07  3.57862e-08 -4.14328e-09  1.09391e-19  1.54355e-16  5.25215e-07    0.0297864 -2.10996e-06  1.77426e-07 -4.13485e-06  6.90506e-06  1.13503e-06 -3.99083e-07 -1.93339e-07  2.68788e-10
-3.38475e-06  -2.8768e-06   1.1597e-06 -2.34509e-08  1.25049e-07  -4.4667e-07 -1.45521e-06 -0.000427345 -0.000652443  1.41443e-06 -2.45046e-05  1.79061e-06 -4.70591e-08  8.17751e-10 -5.49346e-20 -1.18331e-16 -7.45619e-07 -2.10996e-06     0.136265 -5.11439e-07 -1.63212e-06 -4.32179e-06 -1.43029e-06 -7.58553e-07 -1.14883e-07 -1.14957e-08
 -9.7739e-07 -1.62148e-07  1.10355e-06 -4.32769e-09  1.04275e-08 -3.54075e-08 -2.57344e-10 -0.000260641 -0.000300921  4.89931e-07 -4.85615e-06  6.92762e-08 -9.21682e-09  9.41456e-11 -1.14446e-20 -2.77966e-17 -1.78021e-07  1.77426e-07 -5.11439e-07   0.00143508  8.37731e-09 -1.02455e-06 -2.79902e-07 -1.20217e-07 -5.66637e-09 -2.43433e-09
 3.50164e-06  9.34411e-07 -1.05908e-05 -6.91987e-11  6.44459e-08 -2.86254e-07 -1.01614e-06  -0.00119975  -0.00150543 -3.25658e-06  3.23747e-06  5.50706e-06 -1.33948e-08 -5.77588e-09  3.74125e-20 -1.94781e-17    1.032e-06 -4.13485e-06 -1.63212e-06  8.37731e-09     0.127459  -4.5541e-07 -2.64526e-07  2.24573e-07  -2.7408e-07 -9.20352e-09
-9.10478e-06  2.45952e-05  1.46321e-05 -5.68407e-08  4.84893e-08 -2.62076e-07  6.75165e-06   0.00150624  -0.00104615  5.38851e-06 -8.42093e-05 -6.29575e-06 -4.92304e-08 -7.29403e-09 -1.42358e-19 -2.32407e-16   1.0181e-05  6.90506e-06 -4.32179e-06 -1.02455e-06  -4.5541e-07    0.0271337 -5.00722e-06 -9.90567e-07  9.53571e-08 -1.36267e-08
-2.78723e-06 -6.11267e-07  4.65775e-06 -1.84888e-08  2.49985e-08 -6.45196e-08  3.39413e-07 -0.000194276 -0.000691459   2.0095e-06 -2.43477e-05 -5.76174e-07 -2.31728e-08  5.71727e-11 -4.44939e-20 -6.72779e-17 -1.68236e-06  1.13503e-06 -1.43029e-06 -2.79902e-07 -2.64526e-07 -5.00722e-06   0.00357499 -3.39913e-07 -7.73203e-10 -6.15767e-09
-1.39887e-06  -1.2183e-06  1.76601e-06 -5.77203e-09  1.42061e-08 -3.47849e-08 -1.89209e-07 -0.000366487 -0.000315484  8.23967e-07 -6.81602e-06  5.56667e-07 -1.20276e-08   3.0255e-10 -1.55289e-20 -3.34432e-17 -6.45052e-07 -3.99083e-07 -7.58553e-07 -1.20217e-07  2.24573e-07 -9.90567e-07 -3.39913e-07   0.00193565 -2.35407e-09 -3.10319e-09
 3.55687e-08 -1.32002e-07 -5.74552e-07 -8.19075e-11  5.09882e-09 -2.60664e-08 -1.09602e-07 -0.000123376  -8.8786e-05 -1.78605e-07  3.60997e-07  2.81872e-07 -1.58635e-09 -1.24278e-10  8.95805e-22 -2.56251e-18 -7.27149e-08 -1.93339e-07 -1.14883e-07 -5.66637e-09  -2.7408e-07  9.53571e-08 -7.73203e-10 -2.35407e-09  0.000224981 -5.44044e-10
-3.19303e-08 -1.71978e-08  1.57568e-08 -9.87792e-11  3.48567e-10 -1.22686e-09 -3.06791e-09 -1.31466e-05 -1.48413e-05  9.09387e-09 -1.03233e-07  6.96654e-09  -4.6447e-10  1.43721e-12 -3.57819e-22 -1.20674e-18 -8.36266e-09  2.68788e-10 -1.14957e-08 -2.43433e-09 -9.20352e-09 -1.36267e-08 -6.15767e-09 -3.10319e-09 -5.44044e-10   3.5155e-06
* row and column names
af_m
af_p
albedo_bg
alpha_m
alpha_p
auf_m
auf_p
den_m
den_p
e_bg
n_m
n_p
pen_s
pen_w
perm_m
perm_p
por_m
por_p
tcd_m
tcd_p
tcs_m
tcs_p
wr_m
wr_p
z_bg
z_s
