    26    26     1
    0.316133  4.68382e-06  1.11692e-05   -5.635e-08  -4.8531e-08  1.00766e-07  3.21924e-06   0.00536151  0.000147749  5.15095e-06 -6.64547e-05  -5.1644e-06 -1.04103e-08 -3.27179e-11 -1.85711e-19  1.17048e-16 -7.03502e-06  3.00049e-06 -8.81367e-07 -8.61911e-07  8.26021e-06 -1.23834e-05 -2.61649e-06 -5.34807e-07  2.23575e-07  4.71805e-11
 4.68382e-06     0.318477  2.37921e-05 -1.26804e-08 -6.95838e-08  1.69555e-07 -1.34257e-05  -0.00518799 -0.000309185  1.17214e-05 -3.10611e-05 -1.12804e-05 -3.23264e-08 -5.84265e-11  3.11823e-19 -7.64009e-17 -2.18484e-05  1.67875e-06 -1.01515e-06  6.17883e-07  3.38677e-06  3.28025e-05 -8.05344e-07  -1.0909e-06  6.81283e-08 -3.70593e-09
 1.11692e-05  2.37921e-05     0.042466  7.98367e-08   1.0059e-07 -4.56672e-07 -3.75097e-06   -0.0124288 -0.000464837 -3.06997e-05  0.000108807   2.9146e-05   5.0008e-09  1.03582e-10  1.31893e-19 -1.71831e-16   6.0092e-06 -1.20041e-05 -1.50703e-06  5.21813e-07 -2.06818e-05  1.48839e-05  4.94638e-06  1.92377e-06 -9.25636e-07  2.32601e-09
  -5.635e-08 -1.26804e-08  7.98367e-08  4.67892e-07 -8.12708e-11  1.08333e-09  1.50625e-08  3.44173e-05  6.09332e-07  3.50178e-08 -5.48851e-07 -2.99949e-08 -4.51924e-11 -2.76663e-13 -1.92549e-22  1.00322e-18 -4.53913e-08  5.11951e-09 -1.10376e-08 -2.95763e-09  3.28289e-08 -6.78607e-08 -2.21093e-08 -7.31207e-10  1.20088e-09  4.24706e-12
 -4.8531e-08 -6.95838e-08   1.0059e-07 -8.12708e-11  6.24908e-06  2.30519e-10 -8.55753e-10   1.4763e-05  3.24155e-07  4.87258e-08 -9.15336e-08 -1.07054e-07 -3.17212e-11 -7.19967e-14 -1.02767e-21 -1.34144e-18 -2.18035e-08  2.97019e-08  1.59065e-08 -2.91141e-09  4.78796e-08  -2.0832e-08  -9.2583e-09 -9.92317e-09   1.2327e-09 -1.62998e-11
 1.00766e-07  1.69555e-07 -4.56672e-07  1.08333e-09  2.30519e-10    0.0686867 -5.17353e-08 -0.000129846 -2.93842e-05 -1.94319e-07  1.55099e-06  1.60763e-07 -2.26608e-10  1.66021e-12 -8.86466e-23 -4.31184e-18  3.04441e-09 -6.59326e-08  8.15129e-09  2.44375e-09 -1.62535e-07  2.46392e-07  8.05529e-08  1.13087e-08 -7.38205e-09 -2.13517e-10
 3.21924e-06 -1.34257e-05 -3.75097e-06  1.50625e-08 -8.55753e-10 -5.17353e-08    0.0333394  -0.00335414 -0.000130094 -1.24271e-06  1.73737e-05  2.02457e-06 -4.80477e-09  6.34943e-12  8.00995e-20 -5.37811e-17 -2.83712e-06 -1.63904e-06 -1.01959e-07  2.34388e-07 -2.31695e-06  1.01967e-05  8.87494e-07  1.14402e-07 -1.21382e-07 -8.26213e-10
  0.00536151  -0.00518799   -0.0124288  3.44173e-05   1.4763e-05 -0.000129846  -0.00335414       225618    -0.263712   -0.0049598    0.0420256   0.00587392 -7.62339e-06  2.62381e-08  1.08544e-16 -1.20659e-13  0.000973162  -0.00249127 -6.71574e-05  0.000319549  -0.00643709   0.00970855   0.00174985  0.000341786 -0.000282239 -2.56109e-06
 0.000147749 -0.000309185 -0.000464837  6.09332e-07  3.24155e-07 -2.93842e-05 -0.000130094    -0.263712       113906 -0.000178294  0.000717036  0.000223065 -5.92331e-07  -1.3898e-09  3.51855e-18 -4.83329e-15 -6.95835e-05 -0.000143873 -7.94119e-05  4.60894e-06 -0.000365755  0.000302925  2.92945e-05  9.83428e-06 -9.74104e-06 -2.07609e-07
 5.15095e-06  1.17214e-05 -3.06997e-05  3.50178e-08  4.87258e-08 -1.94319e-07 -1.24271e-06   -0.0049598 -0.000178294    0.0133546  4.76862e-05  1.22398e-05  4.55232e-09  4.89982e-11  6.16783e-20  -5.4983e-17   3.4851e-06 -4.60454e-06 -4.03263e-07  2.42254e-07 -8.13992e-06  5.79715e-06  2.23716e-06  8.30811e-07 -3.70702e-07  1.35341e-09
-6.64547e-05 -3.10611e-05  0.000108807 -5.48851e-07 -9.15336e-08  1.55099e-06  1.73737e-05    0.0420256  0.000717036  4.76862e-05     0.261802 -4.18912e-05 -6.74718e-08 -4.24118e-10  1.40866e-20  1.18064e-15 -4.78338e-05  9.25702e-06 -1.73811e-05 -3.41797e-06  3.83229e-05 -9.20031e-05 -3.06014e-05  -1.5557e-06  1.58508e-06  5.36874e-09
 -5.1644e-06 -1.12804e-05   2.9146e-05 -2.99949e-08 -1.07054e-07  1.60763e-07  2.02457e-06   0.00587392  0.000223065  1.22398e-05 -4.18912e-05    0.0656149 -3.24965e-09  -2.7812e-11 -3.36383e-20  1.85751e-17 -5.59209e-06  6.08801e-06  4.36985e-06 -1.71499e-07  1.18514e-05 -1.12027e-05 -1.35695e-06  -2.3009e-06  4.21851e-07 -2.46162e-09
-1.04103e-08 -3.23264e-08   5.0008e-09 -4.51924e-11 -3.17212e-11 -2.26608e-10 -4.80477e-09 -7.62339e-06 -5.92331e-07  4.55232e-09 -6.74718e-08 -3.24965e-09  5.62496e-05 -7.65632e-14   6.7053e-22 -3.45838e-20 -3.23287e-09   5.7205e-10 -1.28069e-08 -3.54016e-10 -1.06273e-08 -6.29298e-09 -4.93795e-09   -7.567e-10 -1.12002e-09 -8.21984e-11
-3.27179e-11 -5.84265e-11  1.03582e-10 -2.76663e-13 -7.19967e-14  1.66021e-12  6.34943e-12  2.62381e-08  -1.3898e-09  4.89982e-11 -4.24118e-10  -2.7812e-11 -7.65632e-14  1.40625e-05  7.45583e-25  1.84339e-22 -2.28498e-12  1.87192e-11 -1.79368e-11 -1.32272e-12  2.96894e-11  -6.4128e-11 -2.14583e-11 -2.29745e-12   1.2591e-12 -1.34851e-15
-1.85711e-19  3.11823e-19  1.31893e-19 -1.92549e-22 -1.02767e-21 -8.86466e-23  8.00995e-20  1.08544e-16  3.51855e-18  6.16783e-20  1.40866e-20 -3.36383e-20   6.7053e-22  7.45583e-25  1.40623e-27  7.98618e-30 -6.26251e-20  1.90769e-19  6.59363e-20 -1.35831e-20  1.87806e-19 -3.39619e-20  1.74114e-20 -3.71116e-21  8.90007e-21  4.03531e-23
 1.17048e-16 -7.64009e-17 -1.71831e-16  1.00322e-18 -1.34144e-18 -4.31184e-18 -5.37811e-17 -1.20659e-13 -4.83329e-15  -5.4983e-17  1.18064e-15  1.85751e-17 -3.45838e-20  1.84339e-22  7.98618e-30  4.01976e-22  1.90282e-16  8.73589e-17  5.47904e-18   4.2316e-18 -1.14628e-16 -4.13659e-17   5.4227e-18 -1.31354e-17 -7.15023e-18 -1.39547e-20
-7.03502e-06 -2.18484e-05   6.0092e-06 -4.53913e-08 -2.18035e-08  3.04441e-09 -2.83712e-06  0.000973162 -6.95835e-05   3.4851e-06 -4.78338e-05 -5.59209e-06 -3.23287e-09 -2.28498e-12 -6.26251e-20  1.90282e-16    0.0324822 -1.96817e-06  1.07851e-06  -2.9216e-07  6.24301e-06  1.22392e-05 -1.79267e-06  7.90243e-08  4.19125e-08 -7.54256e-10
 3.00049e-06  1.67875e-06 -1.20041e-05  5.11951e-09  2.97019e-08 -6.59326e-08 -1.63904e-06  -0.00249127 -0.000143873 -4.60454e-06  9.25702e-06  6.08801e-06   5.7205e-10  1.87192e-11  1.90769e-19  8.73589e-17 -1.96817e-06     0.029789  1.25636e-07  1.24045e-07 -3.67498e-06   8.4255e-06  1.10025e-06 -1.95998e-08    -1.61e-07  1.41417e-09
-8.81367e-07 -1.01515e-06 -1.50703e-06 -1.10376e-08  1.59065e-08  8.15129e-09 -1.01959e-07 -6.71574e-05 -7.94119e-05 -4.03263e-07 -1.73811e-05  4.36985e-06 -1.28069e-08 -1.79368e-11  6.59363e-20  5.47904e-18  1.07851e-06  1.25636e-07     0.136269  -4.3488e-08  -2.5749e-06  -2.9643e-06 -1.09696e-06   2.7207e-07 -5.72151e-08 -6.45018e-10
-8.61911e-07  6.17883e-07  5.21813e-07 -2.95763e-09 -2.91141e-09  2.44375e-09  2.34388e-07  0.000319549  4.60894e-06  2.42254e-07 -3.41797e-06 -1.71499e-07 -3.54016e-10 -1.32272e-12 -1.35831e-20   4.2316e-18  -2.9216e-07  1.24045e-07  -4.3488e-08   0.00143512   3.4913e-07 -7.74376e-07 -1.42659e-07 -2.21799e-08  1.14895e-08  5.87966e-12
 8.26021e-06  3.38677e-06 -2.06818e-05  3.28289e-08  4.78796e-08 -1.62535e-07 -2.31695e-06  -0.00643709 -0.000365755 -8.13992e-06  3.83229e-05  1.18514e-05 -1.06273e-08  2.96894e-11  1.87806e-19 -1.14628e-16  6.24301e-06 -3.67498e-06  -2.5749e-06   3.4913e-07     0.127457  5.40375e-06   9.1592e-07  9.01358e-07 -4.11028e-07 -3.35389e-09
-1.23834e-05  3.28025e-05  1.48839e-05 -6.78607e-08  -2.0832e-08  2.46392e-07  1.01967e-05   0.00970855  0.000302925  5.79715e-06 -9.20031e-05 -1.12027e-05 -6.29298e-09  -6.4128e-11 -3.39619e-20 -4.13659e-17  1.22392e-05   8.4255e-06  -2.9643e-06 -7.74376e-07  5.40375e-06    0.0271233 -5.94187e-06 -1.05044e-06  3.31081e-07  7.28322e-10
-2.61649e-06 -8.05344e-07  4.94638e-06 -2.21093e-08  -9.2583e-09  8.05529e-08  8.87494e-07   0.00174985  2.92945e-05  2.23716e-06 -3.06014e-05 -1.35695e-06 -4.93795e-09 -2.14583e-11  1.74114e-20   5.4227e-18 -1.79267e-06  1.10025e-06 -1.09696e-06 -1.42659e-07   9.1592e-07 -5.94187e-06   0.00357449 -1.27326e-07  5.62895e-08 -2.84806e-11
-5.34807e-07  -1.0909e-06  1.92377e-06 -7.31207e-10 -9.92317e-09  1.13087e-08  1.14402e-07  0.000341786  9.83428e-06  8.30811e-07  -1.5557e-06  -2.3009e-06   -7.567e-10 -2.29745e-12 -3.71116e-21 -1.31354e-17  7.90243e-08 -1.95998e-08   2.7207e-07 -2.21799e-08  9.01358e-07 -1.05044e-06 -1.27326e-07   0.00193554  2.86775e-08 -2.45747e-10
 2.23575e-07  6.81283e-08 -9.25636e-07  1.20088e-09   1.2327e-09 -7.38205e-09 -1.21382e-07 -0.000282239 -9.74104e-06 -3.70702e-07  1.58508e-06  4.21851e-07 -1.12002e-09   1.2591e-12  8.90007e-21 -7.15023e-18  4.19125e-08    -1.61e-07 -5.72151e-08  1.14895e-08 -4.11028e-07  3.31081e-07  5.62895e-08  2.86775e-08  0.000224977 -3.11217e-10
 4.71805e-11 -3.70593e-09  2.32601e-09  4.24706e-12 -1.62998e-11 -2.13517e-10 -8.26213e-10 -2.56109e-06 -2.07609e-07  1.35341e-09  5.36874e-09 -2.46162e-09 -8.21984e-11 -1.34851e-15  4.03531e-23 -1.39547e-20 -7.54256e-10  1.41417e-09 -6.45018e-10  5.87966e-12 -3.35389e-09  7.28322e-10 -2.84806e-11 -2.45747e-10 -3.11217e-10  3.51559e-06
* row and column names
af_m
af_p
albedo_bg
alpha_m
alpha_p
auf_m
auf_p
den_m
den_p
e_bg
n_m
n_p
pen_s
pen_w
perm_m
perm_p
por_m
por_p
tcd_m
tcd_p
tcs_m
tcs_p
wr_m
wr_p
z_bg
z_s
