    26    26     1
    0.316123 -1.58849e-05 -4.92521e-06  -3.8039e-08  3.40187e-07 -2.84829e-06 -3.93843e-06  -0.00754495   -0.0133291  -6.0321e-07 -4.30862e-05  6.22306e-06 -2.62257e-07 -3.45546e-08  -2.7927e-19 -6.97861e-16 -4.63573e-06  2.16366e-06 -1.11449e-05 -1.04888e-06 -2.62962e-06 -8.85143e-06  -2.6031e-06 -1.26708e-06  -4.1919e-07  -3.9193e-08
-1.58849e-05     0.318465  2.38021e-05 -8.03663e-08  3.42013e-07 -3.37501e-06 -2.01718e-05   -0.0139549   -0.0221461  1.22511e-05 -0.000107806  3.28159e-06 -2.16063e-07 -4.57883e-08 -2.07106e-19 -4.99236e-16  -2.9597e-05   1.6524e-06 -2.05571e-05 -1.00657e-06 -5.14254e-06  1.26669e-05 -4.68774e-06 -2.26492e-06 -4.39436e-07 -2.58981e-08
-4.92521e-06  2.38021e-05    0.0424775  5.87473e-08  2.27984e-08 -1.52175e-07  8.53345e-07  -0.00120243    0.0075743 -2.27393e-05  0.000103509  1.53537e-05  5.64995e-09  2.48282e-09 -1.18075e-20  6.95003e-17  2.64183e-06 -1.27625e-05  4.43454e-06  7.37503e-07 -6.00785e-06  1.61822e-05  4.98677e-06  1.16006e-06 -5.51809e-07  5.84301e-11
 -3.8039e-08 -8.03663e-08  5.87473e-08  4.68081e-07   7.7436e-10 -2.90426e-09 -1.44093e-08 -1.34665e-05 -4.52174e-05  2.46352e-08 -3.42802e-07 -2.95676e-09 -5.11275e-10 -4.85572e-11 -6.33076e-22  -1.2869e-18 -1.80635e-08  1.36928e-08 -3.62795e-08 -3.53607e-09 -1.14658e-08 -5.64528e-08 -1.90225e-08 -3.81856e-09 -4.76064e-10 -9.43927e-11
 3.40187e-07  3.42013e-07  2.27984e-08   7.7436e-10  6.24208e-06  3.88992e-08  9.38196e-08  0.000140527  0.000263793 -1.49862e-08  8.26409e-07 -2.25846e-07  3.82629e-09  5.43886e-10  4.09326e-21  9.12889e-18  8.66111e-08  1.27176e-08  2.54154e-07  1.82705e-08   9.7452e-08  1.74002e-07  5.34556e-08  1.89333e-08  7.94691e-09  5.83253e-10
-2.84829e-06 -3.37501e-06 -1.52175e-07 -2.90426e-09  3.88992e-08    0.0686852 -9.01863e-07   -0.0016353  -0.00185084  8.11565e-08 -1.41974e-06  -1.2249e-07 -5.56067e-08 -1.81596e-08 -5.47342e-20 -1.33782e-16  1.27732e-08  1.02861e-06 -1.98726e-06 -1.49279e-07 -2.51987e-07 -6.87634e-07 -2.65334e-07  -1.8278e-07 -5.45366e-08 -8.44093e-10
-3.93843e-06 -2.01718e-05  8.53345e-07 -1.44093e-08  9.38196e-08 -9.01863e-07     0.033338  -0.00373723  -0.00481192  1.14075e-06 -1.76153e-05  2.33915e-06 -5.25691e-08 -1.31257e-08 -6.01762e-20 -9.13207e-17  -6.2003e-06 -8.10417e-07 -4.89291e-06 -1.90845e-07 -2.01509e-06  3.41317e-06 -7.77132e-07  -4.0209e-07  -1.8122e-07 -5.81173e-09
 -0.00754495   -0.0139549  -0.00120243 -1.34665e-05  0.000140527   -0.0016353  -0.00373723       225617     -7.01516  0.000558058   -0.0114112   0.00331646 -0.000129143 -2.27412e-05 -1.20804e-16 -2.98688e-13  -0.00475547   0.00159383   -0.0042479 -0.000461341  -0.00280921  0.000551216 -0.000838326 -0.000535356  -0.00025013 -1.92757e-05
  -0.0133291   -0.0221461    0.0075743 -4.52174e-05  0.000263793  -0.00185084  -0.00481192     -7.01516       113892    0.0037604   -0.0557409   0.00364065 -0.000196445 -2.27549e-05 -2.08823e-16 -4.82509e-13  -0.00540345   0.00227027   -0.0104188 -0.000992724  -0.00427827  -0.00887199  -0.00324786 -0.000998303 -0.000305633 -3.45416e-05
 -6.0321e-07  1.22511e-05 -2.27393e-05  2.46352e-08 -1.49862e-08  8.11565e-08  1.14075e-06  0.000558058    0.0037604    0.0133597  4.17665e-05  4.96397e-06  1.53687e-08  3.73253e-09  5.76151e-23  5.73194e-17  1.98583e-06 -4.66331e-06  2.59224e-06  3.18993e-07 -1.52799e-06  5.44684e-06  2.07662e-06  5.34153e-07 -1.59171e-07  1.76674e-09
-4.30862e-05 -0.000107806  0.000103509 -3.42802e-07  8.26409e-07 -1.41974e-06 -1.76153e-05   -0.0114112   -0.0557409  4.17665e-05     0.261971 -3.04987e-05 -4.97094e-07 -3.19391e-08 -8.97227e-19 -1.27981e-15 -3.08158e-05  3.55485e-05 -4.64458e-05 -4.43451e-06 -1.43523e-05 -9.42393e-05 -2.72361e-05 -4.78471e-06 -2.55377e-07 -1.00219e-07
 6.22306e-06  3.28159e-06  1.53537e-05 -2.95676e-09 -2.25846e-07  -1.2249e-07  2.33915e-06   0.00331646   0.00364065  4.96397e-06 -3.04987e-05    0.0656182  4.15042e-08 -5.58455e-09  2.01381e-20  6.28371e-17 -1.62994e-06   2.2124e-06  2.37777e-06  9.00045e-08  6.43155e-06  -6.6193e-06 -7.21255e-07  5.80955e-07  3.33326e-07  1.33238e-08
-2.62257e-07 -2.16063e-07  5.64995e-09 -5.11275e-10  3.82629e-09 -5.56067e-08 -5.25691e-08 -0.000129143 -0.000196445  1.53687e-08 -4.97094e-07  4.15042e-08   5.6245e-05 -7.09748e-10 -4.77539e-21  -1.2094e-17 -3.80823e-08  7.07842e-08  -1.3793e-07 -1.61109e-08 -6.25931e-08  -1.1775e-07 -3.82437e-08 -1.65404e-08 -5.49156e-09 -7.44453e-10
-3.45546e-08 -4.57883e-08  2.48282e-09 -4.85572e-11  5.43886e-10 -1.81596e-08 -1.31257e-08 -2.27412e-05 -2.27549e-05  3.73253e-09 -3.19391e-08 -5.58455e-09 -7.09748e-10  1.40622e-05 -6.54796e-22 -1.66645e-18  7.84919e-10  1.87393e-08 -2.79631e-08 -2.12319e-09  1.31229e-09 -1.14466e-08 -4.38918e-09 -2.38475e-09 -7.04858e-10 -1.43759e-12
 -2.7927e-19 -2.07106e-19 -1.18075e-20 -6.33076e-22  4.09326e-21 -5.47342e-20 -6.01762e-20 -1.20804e-16 -2.08823e-16  5.76151e-23 -8.97227e-19  2.01381e-20 -4.77539e-21 -6.54796e-22  1.40624e-27 -1.17493e-29 -5.97875e-20  1.20775e-19 -1.80841e-19 -1.64505e-20 -4.29046e-20 -1.59172e-19 -4.86163e-20  -1.6203e-20 -5.38749e-21 -7.32992e-22
-6.97861e-16 -4.99236e-16  6.95003e-17  -1.2869e-18  9.12889e-18 -1.33782e-16 -9.13207e-17 -2.98688e-13 -4.82509e-13  5.73194e-17 -1.27981e-15  6.28371e-17  -1.2094e-17 -1.66645e-18 -1.17493e-29  4.01961e-22 -7.84398e-17  1.70627e-16 -3.35745e-16 -4.15321e-17 -1.30013e-16 -3.35222e-16 -9.71172e-17 -4.58515e-17 -1.05809e-17 -1.78993e-18
-4.63573e-06  -2.9597e-05  2.64183e-06 -1.80635e-08  8.66111e-08  1.27732e-08  -6.2003e-06  -0.00475547  -0.00540345  1.98583e-06 -3.08158e-05 -1.62994e-06 -3.80823e-08  7.84919e-10 -5.97875e-20 -7.84398e-17    0.0324899  2.23417e-06 -4.02565e-06 -1.98545e-07 -6.83495e-07  7.98148e-06 -2.31728e-06 -7.14891e-07  -1.2162e-07 -1.11339e-08
 2.16366e-06   1.6524e-06 -1.27625e-05  1.36928e-08  1.27176e-08  1.02861e-06 -8.10417e-07   0.00159383   0.00227027 -4.66331e-06  3.55485e-05   2.2124e-06  7.07842e-08  1.87393e-08  1.20775e-19  1.70627e-16  2.23417e-06     0.029789  3.03313e-07  4.01023e-07 -3.62641e-06  6.73393e-06  1.31762e-06 -3.15267e-07  -1.0072e-07  7.26523e-09
-1.11449e-05 -2.05571e-05  4.43454e-06 -3.62795e-08  2.54154e-07 -1.98726e-06 -4.89291e-06   -0.0042479   -0.0104188  2.59224e-06 -4.64458e-05  2.37777e-06  -1.3793e-07 -2.79631e-08 -1.80841e-19 -3.35745e-16 -4.02565e-06  3.03313e-07     0.136259 -7.00383e-07 -2.69115e-06 -6.96416e-06 -2.62729e-06 -8.76211e-07 -2.42116e-07 -1.48863e-08
-1.04888e-06 -1.00657e-06  7.37503e-07 -3.53607e-09  1.82705e-08 -1.49279e-07 -1.90845e-07 -0.000461341 -0.000992724  3.18993e-07 -4.43451e-06  9.00045e-08 -1.61109e-08 -2.12319e-09 -1.64505e-20 -4.15321e-17 -1.98545e-07  4.01023e-07 -7.00383e-07   0.00143509 -2.11028e-07 -1.04371e-06 -2.73447e-07 -8.37575e-08 -1.49456e-08  -2.6764e-09
-2.62962e-06 -5.14254e-06 -6.00785e-06 -1.14658e-08   9.7452e-08 -2.51987e-07 -2.01509e-06  -0.00280921  -0.00427827 -1.52799e-06 -1.43523e-05  6.43155e-06 -6.25931e-08  1.31229e-09 -4.29046e-20 -1.30013e-16 -6.83495e-07 -3.62641e-06 -2.69115e-06 -2.11028e-07      0.12746 -8.44607e-07 -9.71249e-07  1.24791e-08 -2.84064e-07  -1.7343e-08
-8.85143e-06  1.26669e-05  1.61822e-05 -5.64528e-08  1.74002e-07 -6.87634e-07  3.41317e-06  0.000551216  -0.00887199  5.44684e-06 -9.42393e-05  -6.6193e-06  -1.1775e-07 -1.14466e-08 -1.59172e-19 -3.35222e-16  7.98148e-06  6.73393e-06 -6.96416e-06 -1.04371e-06 -8.44607e-07    0.0271346  -5.3405e-06 -6.01496e-07  1.16553e-08 -2.01482e-08
 -2.6031e-06 -4.68774e-06  4.98677e-06 -1.90225e-08  5.34556e-08 -2.65334e-07 -7.77132e-07 -0.000838326  -0.00324786  2.07662e-06 -2.72361e-05 -7.21255e-07 -3.82437e-08 -4.38918e-09 -4.86163e-20 -9.71172e-17 -2.31728e-06  1.31762e-06 -2.62729e-06 -2.73447e-07 -9.71249e-07  -5.3405e-06   0.00357479 -2.64144e-07 -2.65717e-08  -6.6287e-09
-1.26708e-06 -2.26492e-06  1.16006e-06 -3.81856e-09  1.89333e-08  -1.8278e-07  -4.0209e-07 -0.000535356 -0.000998303  5.34153e-07 -4.78471e-06  5.80955e-07 -1.65404e-08 -2.38475e-09  -1.6203e-20 -4.58515e-17 -7.14891e-07 -3.15267e-07 -8.76211e-07 -8.37575e-08  1.24791e-08 -6.01496e-07 -2.64144e-07   0.00193571 -1.08161e-08 -2.40721e-09
 -4.1919e-07 -4.39436e-07 -5.51809e-07 -4.76064e-10  7.94691e-09 -5.45366e-08  -1.8122e-07  -0.00025013 -0.000305633 -1.59171e-07 -2.55377e-07  3.33326e-07 -5.49156e-09 -7.04858e-10 -5.38749e-21 -1.05809e-17  -1.2162e-07  -1.0072e-07 -2.42116e-07 -1.49456e-08 -2.84064e-07  1.16553e-08 -2.65717e-08 -1.08161e-08  0.000224977 -1.02569e-09
 -3.9193e-08 -2.58981e-08  5.84301e-11 -9.43927e-11  5.83253e-10 -8.44093e-10 -5.81173e-09 -1.92757e-05 -3.45416e-05  1.76674e-09 -1.00219e-07  1.33238e-08 -7.44453e-10 -1.43759e-12 -7.32992e-22 -1.78993e-18 -1.11339e-08  7.26523e-09 -1.48863e-08  -2.6764e-09  -1.7343e-08 -2.01482e-08  -6.6287e-09 -2.40721e-09 -1.02569e-09  3.51542e-06
* row and column names
af_m
af_p
albedo_bg
alpha_m
alpha_p
auf_m
auf_p
den_m
den_p
e_bg
n_m
n_p
pen_s
pen_w
perm_m
perm_p
por_m
por_p
tcd_m
tcd_p
tcs_m
tcs_p
wr_m
wr_p
z_bg
z_s
