    26    26     1
    0.316148  2.25117e-07            0 -1.85231e-10  3.64452e-11  7.69713e-09  2.36176e-08  0.000313401  3.51572e-05            0 -1.11011e-06 -2.06418e-08            0            0 -2.37698e-22 -9.18539e-19  3.56012e-07  1.68076e-08   6.2524e-07 -2.61144e-09  1.32904e-06 -5.24162e-08 -3.48492e-08  4.92154e-09            0 -7.58272e-11
 2.25117e-07     0.318564            0  4.81692e-10 -4.82358e-09 -7.50646e-09 -4.03409e-07  -0.00149249  7.17728e-05            0 -4.08554e-07 -2.28797e-06            0            0  1.76185e-22  4.31013e-20 -1.61968e-06  9.52356e-07  8.30014e-07  1.79997e-08 -3.26343e-06  1.82543e-06 -3.40004e-08 -1.77023e-07            0 -2.30148e-10
           0            0    0.0425391            0            0            0            0            0            0            0            0            0            0            0            0            0            0            0            0            0            0            0            0            0            0            0
-1.85231e-10  4.81692e-10            0  4.68325e-07  1.14402e-13  9.69903e-13  5.25326e-11  1.21533e-07 -2.32246e-08            0 -1.59784e-10  3.29985e-11            0            0 -1.93637e-25 -7.08325e-22  2.45682e-10 -1.63356e-10  9.11022e-11 -4.38083e-12   6.9553e-10 -3.32061e-10 -1.07255e-11  1.28734e-11            0 -2.17032e-13
 3.64452e-11 -4.82358e-09            0  1.14402e-13  6.24999e-06 -6.05514e-11 -5.89117e-10 -1.87724e-06  1.78133e-07            0 -1.59546e-09  -6.8992e-09            0            0 -2.18845e-24 -8.19099e-21 -2.38533e-09  2.95788e-09  1.44818e-09  1.29223e-11 -4.68514e-09  2.40679e-09 -6.43967e-11    5.696e-11            0 -2.13125e-12
 7.69713e-09 -7.50646e-09            0  9.69903e-13 -6.05514e-11    0.0686867 -1.83832e-09 -2.57099e-05 -9.60623e-06            0  5.36494e-08  3.20564e-08            0            0 -2.16265e-22   -7.876e-19 -1.44535e-08  4.92606e-10  -3.3551e-08 -6.60194e-10 -4.84577e-08   2.3269e-09 -3.70673e-10 -2.25678e-09            0  -2.2195e-11
 2.36176e-08 -4.03409e-07            0  5.25326e-11 -5.89117e-10 -1.83832e-09     0.033343 -0.000179029  6.82086e-06            0 -4.33788e-08 -2.69373e-07            0            0 -1.86163e-23 -1.37511e-19 -1.89229e-07    1.168e-07  9.60745e-08  1.94986e-09 -3.79468e-07  2.18849e-07 -4.40609e-09 -2.07669e-08            0 -4.00533e-11
 0.000313401  -0.00149249            0  1.21533e-07 -1.87724e-06 -2.57099e-05 -0.000179029       225624   -0.0904944            0  0.000814473 -0.000478453            0            0 -5.20384e-19 -2.15309e-15  -0.00105682  0.000264818  0.000101999  6.40295e-06  -0.00218502  0.000702223 -2.78129e-05 -8.37267e-05            0 -8.86759e-08
 3.51572e-05  7.17728e-05            0 -2.32246e-08  1.78133e-07 -9.60623e-06  6.82086e-06   -0.0904944       113906            0  0.000319931  0.000292132            0            0 -3.26607e-19 -1.16637e-15  3.45752e-05 -7.18525e-05 -0.000140489 -1.28064e-06  3.59676e-05 -5.87471e-05 -1.09968e-06  7.93461e-07            0  2.00036e-08
           0            0            0            0            0            0            0            0            0    0.0133691            0            0            0            0            0            0            0            0            0            0            0            0            0            0            0            0
-1.11011e-06 -4.08554e-07            0 -1.59784e-10 -1.59546e-09  5.36494e-08 -4.33788e-08  0.000814473  0.000319931            0     0.262652  -1.7957e-06            0            0  9.61818e-22  3.46878e-18    2.124e-07  5.12411e-07   1.9583e-06  2.86782e-09  1.20007e-06   4.3774e-07  -1.9999e-09 -1.97473e-08            0 -3.38033e-10
-2.06418e-08 -2.28797e-06            0  3.29985e-11  -6.8992e-09  3.20564e-08 -2.69373e-07 -0.000478453  0.000292132            0  -1.7957e-06     0.065652            0            0  1.07283e-21  3.62106e-18 -1.14641e-06  5.25977e-06  1.12655e-06  8.94327e-09 -2.16443e-06  1.31511e-06 -2.06017e-08    1.419e-06            0 -7.82155e-10
           0            0            0            0            0            0            0            0            0            0            0            0    5.625e-05            0            0            0            0            0            0            0            0            0            0            0            0            0
           0            0            0            0            0            0            0            0            0            0            0            0            0  1.40625e-05            0            0            0            0            0            0            0            0            0            0            0            0
-2.37698e-22  1.76185e-22            0 -1.93637e-25 -2.18845e-24 -2.16265e-22 -1.86163e-23 -5.20384e-19 -3.26607e-19            0  9.61818e-22  1.07283e-21            0            0  1.40625e-27 -3.12898e-32 -1.20147e-22 -4.96755e-23 -7.76939e-22 -3.33799e-23 -4.25621e-22 -1.41103e-22 -4.39213e-23 -8.10957e-23            0 -1.07816e-24
-9.18539e-19  4.31013e-20            0 -7.08325e-22 -8.19099e-21   -7.876e-19 -1.37511e-19 -2.15309e-15 -1.16637e-15            0  3.46878e-18  3.62106e-18            0            0 -3.12898e-32  4.01996e-22  -4.9612e-19  1.06098e-19 -2.47774e-18 -1.05457e-19 -1.53859e-18 -2.17769e-20 -1.62109e-19  -2.7483e-19            0 -3.79787e-21
 3.56012e-07 -1.61968e-06            0  2.45682e-10 -2.38533e-09 -1.44535e-08 -1.89229e-07  -0.00105682  3.45752e-05            0    2.124e-07 -1.14641e-06            0            0 -1.20147e-22  -4.9612e-19    0.0325298  4.42901e-07  2.84765e-07  8.11476e-09 -2.71027e-06  8.25581e-07 -2.71113e-06 -8.43883e-08            0 -1.73055e-10
 1.68076e-08  9.52356e-07            0 -1.63356e-10  2.95788e-09  4.92606e-10    1.168e-07  0.000264818 -7.18525e-05            0  5.12411e-07  5.25977e-06            0            0 -4.96755e-23  1.06098e-19  4.42901e-07    0.0298396 -3.70599e-07 -3.71824e-09  8.43716e-07 -5.92088e-07   1.0537e-08 -8.91043e-07            0  2.06906e-10
  6.2524e-07  8.30014e-07            0  9.11022e-11  1.44818e-09  -3.3551e-08  9.60745e-08  0.000101999 -0.000140489            0   1.9583e-06  1.12655e-06            0            0 -7.76939e-22 -2.47774e-18  2.84765e-07 -3.70599e-07     0.136272 -5.61271e-09 -1.98014e-07 -5.33674e-07  5.19019e-08  4.27371e-08            0  1.40391e-10
-2.61144e-09  1.79997e-08            0 -4.38083e-12  1.29223e-11 -6.60194e-10  1.94986e-09  6.40295e-06 -1.28064e-06            0  2.86782e-09  8.94327e-09            0            0 -3.33799e-23 -1.05457e-19  8.11476e-09 -3.71824e-09 -5.61271e-09   0.00143518  1.65643e-08 -9.05881e-09 -4.18621e-11  7.66232e-10            0  -5.5361e-12
 1.32904e-06 -3.26343e-06            0   6.9553e-10 -4.68514e-09 -4.84577e-08 -3.79468e-07  -0.00218502  3.59676e-05            0  1.20007e-06 -2.16443e-06            0            0 -4.25621e-22 -1.53859e-18 -2.71027e-06  8.43716e-07 -1.98014e-07  1.65643e-08      0.12747  1.61088e-06   3.1074e-08 -1.65532e-07            0 -3.05715e-10
-5.24162e-08  1.82543e-06            0 -3.32061e-10  2.40679e-09   2.3269e-09  2.18849e-07  0.000702223 -5.87471e-05            0   4.3774e-07  1.31511e-06            0            0 -1.41103e-22 -2.17769e-20  8.25581e-07 -5.92088e-07 -5.33674e-07 -9.05881e-09  1.61088e-06    0.0271716  2.00609e-08  8.14646e-08            0  1.17271e-10
-3.48492e-08 -3.40004e-08            0 -1.07255e-11 -6.43967e-11 -3.70673e-10 -4.40609e-09 -2.78129e-05 -1.09968e-06            0  -1.9999e-09 -2.06017e-08            0            0 -4.39213e-23 -1.62109e-19 -2.71113e-06   1.0537e-08  5.19019e-08 -4.18621e-11   3.1074e-08  2.00609e-08   0.00357611 -2.45405e-09            0 -1.26579e-11
 4.92154e-09 -1.77023e-07            0  1.28734e-11    5.696e-11 -2.25678e-09 -2.07669e-08 -8.37267e-05  7.93461e-07            0 -1.97473e-08    1.419e-06            0            0 -8.10957e-23  -2.7483e-19 -8.43883e-08 -8.91043e-07  4.27371e-08  7.66232e-10 -1.65532e-07  8.14646e-08 -2.45405e-09   0.00193565            0  -4.4503e-11
           0            0            0            0            0            0            0            0            0            0            0            0            0            0            0            0            0            0            0            0            0            0            0            0     0.000225            0
-7.58272e-11 -2.30148e-10            0 -2.17032e-13 -2.13125e-12  -2.2195e-11 -4.00533e-11 -8.86759e-08  2.00036e-08            0 -3.38033e-10 -7.82155e-10            0            0 -1.07816e-24 -3.79787e-21 -1.73055e-10  2.06906e-10  1.40391e-10  -5.5361e-12 -3.05715e-10  1.17271e-10 -1.26579e-11  -4.4503e-11            0  3.51562e-06
* row and column names
af_m
af_p
albedo_bg
alpha_m
alpha_p
auf_m
auf_p
den_m
den_p
e_bg
n_m
n_p
pen_s
pen_w
perm_m
perm_p
por_m
por_p
tcd_m
tcd_p
tcs_m
tcs_p
wr_m
wr_p
z_bg
z_s
