    26    26     1
    0.316148  1.57196e-07 -6.03354e-10 -3.09007e-10  1.31392e-10 -1.08194e-08  1.24284e-07  0.000359574  2.13129e-05 -1.39056e-10 -1.24467e-06 -1.51953e-07 -2.19402e-11 -1.09701e-11  5.11976e-23 -9.49508e-19  2.89579e-07  2.17922e-08  1.19111e-06 -3.02903e-09  1.38524e-06 -6.00496e-08 -3.56643e-08  2.40154e-10 -4.38803e-11  3.17074e-10
 1.57196e-07     0.318564  1.98376e-09  7.21881e-11 -3.76084e-09 -1.70986e-08 -2.01673e-07  -0.00144086  5.10147e-05  4.57201e-10 -1.74566e-07 -2.06782e-06  7.21369e-11  3.60684e-11  6.15667e-23 -1.82011e-18 -1.26228e-06  9.20679e-07 -6.40963e-08  1.66007e-08 -2.86253e-06  1.73345e-06 -3.36291e-08 -1.69585e-07  1.44274e-10  1.31087e-09
-6.03354e-10  1.98376e-09    0.0425391 -4.98783e-13  2.83456e-12 -3.32641e-10  1.31988e-09  1.47978e-06 -3.04931e-07 -4.06722e-11 -1.27658e-09  1.91704e-09 -6.41723e-12 -3.20862e-12 -6.67156e-24 -9.08604e-21  4.52022e-10 -1.06921e-09 -1.20012e-09 -5.50911e-11  5.78205e-10 -1.97646e-09  2.42175e-12  4.46085e-11 -1.28345e-11  3.11584e-12
-3.09007e-10  7.21881e-11 -4.98783e-13  4.68325e-07 -3.22337e-13 -2.82218e-12  4.86098e-11  1.94502e-07  3.56039e-08 -1.14955e-13 -7.70444e-10 -2.74488e-10 -1.81376e-14 -9.06878e-15  2.82144e-26 -7.58819e-22  3.89308e-11  3.46143e-11  6.81911e-10 -1.28702e-12  4.40823e-10 -3.51989e-11 -1.36653e-11 -1.55745e-13 -3.62751e-14 -2.39731e-14
 1.31392e-10 -3.76084e-09  2.83456e-12 -3.22337e-13  6.24999e-06  -6.5874e-11 -4.90193e-10 -1.93766e-06  6.44892e-08  6.53284e-13  -8.4694e-10 -7.95889e-09  1.03075e-13  5.15374e-14  2.59067e-25 -8.94297e-21  -2.2736e-09  2.61845e-09  3.60095e-10  1.52879e-11 -4.71003e-09   1.6593e-09 -4.25752e-11  3.66165e-10   2.0615e-13 -2.71702e-12
-1.08194e-08 -1.70986e-08 -3.32641e-10 -2.82218e-12  -6.5874e-11    0.0686867  9.43446e-09  -5.9169e-07 -4.61031e-06 -7.66641e-11 -1.01928e-08 -1.79847e-08  -1.2096e-11 -6.04801e-12 -5.50879e-24 -1.24156e-19 -1.29148e-08  3.85122e-10 -1.70341e-08  -2.3285e-10 -3.72907e-08  3.09538e-10  3.08631e-10 -1.12495e-09  -2.4192e-11   2.0385e-11
 1.24284e-07 -2.01673e-07  1.31988e-09  4.86098e-11 -4.90193e-10  9.43446e-09    0.0333427 -0.000258058 -1.42573e-05  3.04194e-10  2.65106e-07 -3.31891e-07  4.79955e-11  2.39977e-11  4.74067e-23 -3.99983e-19 -1.44718e-07  3.41436e-08 -7.56341e-08  2.12472e-09 -3.33174e-07  1.16987e-07 -2.74681e-09 -2.23465e-09   9.5991e-11 -7.37963e-10
 0.000359574  -0.00144086  1.47978e-06  1.94502e-07 -1.93766e-06  -5.9169e-07 -0.000258058       225624   -0.0530569  3.41046e-07   0.00072491 -0.000587459  5.38101e-08   2.6905e-08 -1.55891e-21 -3.31157e-16 -0.000895807  0.000271985 -0.000737288  8.67335e-06   -0.0021666   0.00071188 -2.43098e-05 -6.87807e-05   1.0762e-07 -1.84273e-07
 2.13129e-05  5.10147e-05 -3.04931e-07  3.56039e-08  6.44892e-08 -4.61031e-06 -1.42573e-05   -0.0530569       113906 -7.02779e-08  0.000191246  0.000185534 -1.10884e-08 -5.54421e-09 -2.05584e-20   2.4587e-17  2.98818e-05 -6.85046e-05  -0.00015902 -5.82307e-07  1.11453e-05 -5.01691e-05  1.24028e-07  4.55376e-06 -2.21768e-08 -1.30442e-07
-1.39056e-10  4.57201e-10 -4.06722e-11 -1.14955e-13  6.53284e-13 -7.66641e-11  3.04194e-10  3.41046e-07 -7.02779e-08    0.0133691 -2.94215e-10  4.41822e-10 -1.47899e-12 -7.39494e-13  -1.5376e-24 -2.09407e-21  1.04178e-10 -2.46422e-10 -2.76594e-10 -1.26969e-11   1.3326e-10 -4.55517e-10  5.58144e-13   1.0281e-11 -2.95798e-12  7.18113e-13
-1.24467e-06 -1.74566e-07 -1.27658e-09 -7.70444e-10  -8.4694e-10 -1.01928e-08  2.65106e-07   0.00072491  0.000191246 -2.94215e-10     0.262653 -1.34425e-06 -4.64211e-11 -2.32106e-11  1.37406e-22 -2.71812e-18  2.25075e-07  3.55129e-07   2.7966e-06 -2.41866e-09   1.5247e-06  1.83521e-07 -5.82992e-09 -2.96732e-08 -9.28423e-11  8.97362e-10
-1.51953e-07 -2.06782e-06  1.91704e-09 -2.74488e-10 -7.95889e-09 -1.79847e-08 -3.31891e-07 -0.000587459  0.000185534  4.41822e-10 -1.34425e-06    0.0656515  6.97104e-11  3.48552e-11  1.34792e-22 -7.59834e-18 -1.04393e-06   5.5894e-06  8.60695e-07   9.0228e-09 -1.95245e-06   1.2321e-06 -2.65937e-08  1.49769e-06  1.39421e-10 -3.83807e-10
-2.19402e-11  7.21369e-11 -6.41723e-12 -1.81376e-14  1.03075e-13  -1.2096e-11  4.79955e-11  5.38101e-08 -1.10884e-08 -1.47899e-12 -4.64211e-11  6.97104e-11    5.625e-05 -1.16677e-13 -2.42602e-25 -3.30401e-22  1.64372e-11 -3.88803e-11 -4.36408e-11 -2.00331e-12  2.10256e-11 -7.18712e-11  8.80636e-14  1.62213e-12 -4.66708e-13  1.13303e-13
-1.09701e-11  3.60684e-11 -3.20862e-12 -9.06878e-15  5.15374e-14 -6.04801e-12  2.39977e-11   2.6905e-08 -5.54421e-09 -7.39494e-13 -2.32106e-11  3.48552e-11 -1.16677e-13  1.40625e-05 -1.21301e-25 -1.65201e-22  8.21859e-12 -1.94402e-11 -2.18204e-11 -1.00166e-12  1.05128e-11 -3.59356e-11  4.40318e-14  8.11064e-13 -2.33354e-13  5.66517e-14
 5.11976e-23  6.15667e-23 -6.67156e-24  2.82144e-26  2.59067e-25 -5.50879e-24  4.74067e-23 -1.55891e-21 -2.05584e-20  -1.5376e-24  1.37406e-22  1.34792e-22 -2.42602e-25 -1.21301e-25  1.40625e-27  6.02335e-34  8.30774e-24  3.63423e-23 -1.15443e-22 -1.94574e-24 -4.74215e-23 -4.75557e-23  1.64502e-24  3.02557e-23 -4.85204e-25  3.01174e-25
-9.49508e-19 -1.82011e-18 -9.08604e-21 -7.58819e-22 -8.94297e-21 -1.24156e-19 -3.99983e-19 -3.31157e-16   2.4587e-17 -2.09407e-21 -2.71812e-18 -7.59834e-18 -3.30401e-22 -1.65201e-22  6.02335e-34  4.01996e-22 -1.18953e-18  1.60084e-18  1.58623e-18 -2.62897e-21  -1.6548e-18  1.30547e-18 -6.62201e-20  2.85689e-20 -6.60803e-22 -3.43061e-21
 2.89579e-07 -1.26228e-06  4.52022e-10  3.89308e-11  -2.2736e-09 -1.29148e-08 -1.44718e-07 -0.000895807  2.98818e-05  1.04178e-10  2.25075e-07 -1.04393e-06  1.64372e-11  8.21859e-12  8.30774e-24 -1.18953e-18      0.03253  3.51263e-07 -2.93321e-07  6.62787e-09 -2.26335e-06  6.23718e-07  -2.7226e-06 -6.26198e-08  3.28743e-11  -4.5033e-11
 2.17922e-08  9.20679e-07 -1.06921e-09  3.46143e-11  2.61845e-09  3.85122e-10  3.41436e-08  0.000271985 -6.85046e-05 -2.46422e-10  3.55129e-07   5.5894e-06 -3.88803e-11 -1.94402e-11  3.63423e-23  1.60084e-18  3.51263e-07    0.0298394  -2.4451e-07 -4.63815e-09  6.99874e-07 -5.81614e-07  1.00224e-08 -9.16605e-07 -7.77606e-11 -5.50442e-10
 1.19111e-06 -6.40963e-08 -1.20012e-09  6.81911e-10  3.60095e-10 -1.70341e-08 -7.56341e-08 -0.000737288  -0.00015902 -2.76594e-10   2.7966e-06  8.60695e-07 -4.36408e-11 -2.18204e-11 -1.15443e-22  1.58623e-18 -2.93321e-07  -2.4451e-07      0.13627  1.76442e-09 -2.16684e-06 -8.64758e-08  6.11957e-08  5.66787e-09 -8.72815e-11 -3.65206e-10
-3.02903e-09  1.66007e-08 -5.50911e-11 -1.28702e-12  1.52879e-11  -2.3285e-10  2.12472e-09  8.67335e-06 -5.82307e-07 -1.26969e-11 -2.41866e-09   9.0228e-09 -2.00331e-12 -1.00166e-12 -1.94574e-24 -2.62897e-21  6.62787e-09 -4.63815e-09  1.76442e-09   0.00143518  1.61311e-08 -9.43979e-09  1.26963e-10   9.1604e-10 -4.00662e-12 -6.16024e-12
 1.38524e-06 -2.86253e-06  5.78205e-10  4.40823e-10 -4.71003e-09 -3.72907e-08 -3.33174e-07   -0.0021666  1.11453e-05   1.3326e-10   1.5247e-06 -1.95245e-06  2.10256e-11  1.05128e-11 -4.74215e-23  -1.6548e-18 -2.26335e-06  6.99874e-07 -2.16684e-06  1.61311e-08     0.127471  1.37512e-06   3.5205e-08 -1.37802e-07  4.20513e-11 -4.30255e-11
-6.00496e-08  1.73345e-06 -1.97646e-09 -3.51989e-11   1.6593e-09  3.09538e-10  1.16987e-07   0.00071188 -5.01691e-05 -4.55517e-10  1.83521e-07   1.2321e-06 -7.18712e-11 -3.59356e-11 -4.75557e-23  1.30547e-18  6.23718e-07 -5.81614e-07 -8.64758e-08 -9.43979e-09  1.37512e-06    0.0271716  1.93065e-08   8.4409e-08 -1.43742e-10 -8.66316e-10
-3.56643e-08 -3.36291e-08  2.42175e-12 -1.36653e-11 -4.25752e-11  3.08631e-10 -2.74681e-09 -2.43098e-05  1.24028e-07  5.58144e-13 -5.82992e-09 -2.65937e-08  8.80636e-14  4.40318e-14  1.64502e-24 -6.62201e-20  -2.7226e-06  1.00224e-08  6.11957e-08  1.26963e-10   3.5205e-08  1.93065e-08   0.00357611 -1.98005e-09  1.76127e-13  8.91196e-12
 2.40154e-10 -1.69585e-07  4.46085e-11 -1.55745e-13  3.66165e-10 -1.12495e-09 -2.23465e-09 -6.87807e-05  4.55376e-06   1.0281e-11 -2.96732e-08  1.49769e-06  1.62213e-12  8.11064e-13  3.02557e-23  2.85689e-20 -6.26198e-08 -9.16605e-07  5.66787e-09   9.1604e-10 -1.37802e-07   8.4409e-08 -1.98005e-09   0.00193565  3.24425e-12  1.00656e-10
-4.38803e-11  1.44274e-10 -1.28345e-11 -3.62751e-14   2.0615e-13  -2.4192e-11   9.5991e-11   1.0762e-07 -2.21768e-08 -2.95798e-12 -9.28423e-11  1.39421e-10 -4.66708e-13 -2.33354e-13 -4.85204e-25 -6.60803e-22  3.28743e-11 -7.77606e-11 -8.72815e-11 -4.00662e-12  4.20513e-11 -1.43742e-10  1.76127e-13  3.24425e-12     0.000225  2.26607e-13
 3.17074e-10  1.31087e-09  3.11584e-12 -2.39731e-14 -2.71702e-12   2.0385e-11 -7.37963e-10 -1.84273e-07 -1.30442e-07  7.18113e-13  8.97362e-10 -3.83807e-10  1.13303e-13  5.66517e-14  3.01174e-25 -3.43061e-21  -4.5033e-11 -5.50442e-10 -3.65206e-10 -6.16024e-12 -4.30255e-11 -8.66316e-10  8.91196e-12  1.00656e-10  2.26607e-13  3.51562e-06
* row and column names
af_m
af_p
albedo_bg
alpha_m
alpha_p
auf_m
auf_p
den_m
den_p
e_bg
n_m
n_p
pen_s
pen_w
perm_m
perm_p
por_m
por_p
tcd_m
tcd_p
tcs_m
tcs_p
wr_m
wr_p
z_bg
z_s
