    26    26     1
    0.316147  2.12199e-07            0 -6.92851e-10 -1.48739e-09  6.28597e-09  -9.4974e-09  0.000402884 -0.000304394            0 -9.77458e-07    7.646e-07            0            0 -3.36096e-23 -3.57538e-17  2.39101e-07 -8.16334e-08  3.46782e-07 -8.85221e-09  8.62891e-07 -1.61691e-07 -7.56863e-08 -4.47455e-08            0 -6.52071e-10
 2.12199e-07     0.318563            0  -2.2622e-10 -1.47215e-08 -1.17608e-08 -1.38617e-06   -0.0018265   0.00013452            0 -7.72972e-07  -4.2262e-06            0            0 -5.01169e-22   3.9073e-18 -1.73086e-06  7.85512e-07  9.19898e-07  2.09838e-08 -3.73151e-06  1.61937e-06 -3.40445e-08 -2.83689e-07            0 -3.40893e-10
           0            0    0.0425391            0            0            0            0            0            0            0            0            0            0            0            0            0            0            0            0            0            0            0            0            0            0            0
-6.92851e-10  -2.2622e-10            0  4.68325e-07 -3.36543e-12  5.51697e-12 -1.91628e-10  2.89589e-07 -1.64999e-07            0 -1.07718e-09 -4.46383e-12            0            0 -1.86403e-25 -2.16543e-20 -3.41692e-11   1.3324e-11   3.8796e-10 -2.57044e-12  1.35808e-10 -1.50677e-12 -5.51434e-11 -5.33443e-11            0 -4.78503e-13
-1.48739e-09 -1.47215e-08            0 -3.36543e-12  6.24992e-06  9.09493e-12 -6.95347e-09 -1.62492e-06  4.27981e-07            0 -7.41471e-09 -1.20815e-08            0            0 -6.68829e-26 -2.17926e-20 -3.84218e-09  2.26646e-09  3.67073e-09  5.45919e-11 -9.71702e-09  3.55819e-09 -1.76079e-10  -7.5817e-10            0 -1.00103e-12
 6.28597e-09 -1.17608e-08            0  5.51697e-12  9.09493e-12    0.0686867  7.16095e-10 -1.48749e-05 -2.91282e-06            0  1.57589e-08 -3.06087e-09            0            0  1.07739e-23 -2.30915e-19 -1.21778e-08  3.42071e-09 -7.74777e-09  -5.2149e-11 -3.20216e-08  4.79188e-09   3.3951e-10 -3.04898e-10            0 -8.77872e-12
 -9.4974e-09 -1.38617e-06            0 -1.91628e-10 -6.95347e-09  7.16095e-10    0.0333424 -0.000180416  0.000103918            0 -5.65102e-07 -1.14836e-06            0            0  5.40477e-23  5.49286e-18 -3.18682e-07  1.22881e-07   3.3058e-07    5.785e-09 -8.43828e-07  3.43631e-07 -4.68067e-09 -9.24908e-08            0   4.6148e-11
 0.000402884   -0.0018265            0  2.89589e-07 -1.62492e-06 -1.48749e-05 -0.000180416       225623    -0.121605            0  0.000705835  -0.00134492            0            0 -8.19447e-20 -5.11959e-15   -0.0013183  0.000322435   0.00010817  8.23229e-06  -0.00257882  0.000708234 -2.59407e-05 -8.70393e-05            0  -1.7388e-07
-0.000304394   0.00013452            0 -1.64999e-07  4.27981e-07 -2.91282e-06  0.000103918    -0.121605       113906            0  9.64328e-05  0.000596457            0            0  1.58005e-19 -2.53312e-14 -8.13804e-05 -8.01144e-05 -0.000156095 -5.27601e-06 -0.000150786 -8.26239e-05  -3.1291e-05 -1.16937e-05            0 -3.36617e-07
           0            0            0            0            0            0            0            0            0    0.0133691            0            0            0            0            0            0            0            0            0            0            0            0            0            0            0            0
-9.77458e-07 -7.72972e-07            0 -1.07718e-09 -7.41471e-09  1.57589e-08 -5.65102e-07  0.000705835  9.64328e-05            0     0.262654 -9.20378e-07            0            0 -5.26185e-22 -3.44161e-18  9.45423e-08  1.58179e-07  1.13961e-06  3.19273e-09  6.09297e-07  1.55935e-07 -5.84866e-08  -8.9022e-08            0 -4.20967e-10
   7.646e-07  -4.2262e-06            0 -4.46383e-12 -1.20815e-08 -3.06087e-09 -1.14836e-06  -0.00134492  0.000596457            0 -9.20378e-07    0.0656583            0            0 -1.65644e-21  4.37017e-17 -1.49624e-06  1.80507e-06  1.07037e-06  3.27826e-08 -3.05079e-06  1.59882e-06  1.66159e-08   1.0005e-07            0  2.05922e-10
           0            0            0            0            0            0            0            0            0            0            0            0    5.625e-05            0            0            0            0            0            0            0            0            0            0            0            0            0
           0            0            0            0            0            0            0            0            0            0            0            0            0  1.40625e-05            0            0            0            0            0            0            0            0            0            0            0            0
-3.36096e-23 -5.01169e-22            0 -1.86403e-25 -6.68829e-26  1.07739e-23  5.40477e-23 -8.19447e-20  1.58005e-19            0 -5.26185e-22 -1.65644e-21            0            0  1.40625e-27  2.25912e-33 -2.99165e-22  6.37759e-22  4.47266e-22  5.81059e-24 -3.35557e-22  4.68993e-22 -6.45518e-24  3.09453e-24            0 -1.34973e-24
-3.57538e-17   3.9073e-18            0 -2.16543e-20 -2.17926e-20 -2.30915e-19  5.49286e-18 -5.11959e-15 -2.53312e-14            0 -3.44161e-18  4.37017e-17            0            0  2.25912e-33  4.01992e-22 -6.40681e-18 -4.34762e-18 -8.87388e-18  -4.8829e-19 -1.12716e-17 -5.49248e-18 -3.31741e-18 -1.70626e-18            0 -4.18747e-20
 2.39101e-07 -1.73086e-06            0 -3.41692e-11 -3.84218e-09 -1.21778e-08 -3.18682e-07   -0.0013183 -8.13804e-05            0  9.45423e-08 -1.49624e-06            0            0 -2.99165e-22 -6.40681e-18    0.0325299  3.34019e-07  1.70029e-07  8.14378e-09 -2.64928e-06  6.24021e-07 -2.70259e-06 -1.03744e-07            0 -2.67361e-10
-8.16334e-08  7.85512e-07            0   1.3324e-11  2.26646e-09  3.42071e-09  1.22881e-07  0.000322435 -8.01144e-05            0  1.58179e-07  1.80507e-06            0            0  6.37759e-22 -4.34762e-18  3.34019e-07    0.0298399 -2.27121e-07 -4.73062e-09  5.98853e-07 -3.80402e-07   2.4402e-09 -8.71028e-07            0  2.15812e-10
 3.46782e-07  9.19898e-07            0   3.8796e-10  3.67073e-09 -7.74777e-09   3.3058e-07   0.00010817 -0.000156095            0  1.13961e-06  1.07037e-06            0            0  4.47266e-22 -8.87388e-18  1.70029e-07 -2.27121e-07     0.136272 -6.99926e-09 -1.03837e-07 -3.43985e-07    3.586e-08  5.59685e-08            0  9.96138e-11
-8.85221e-09  2.09838e-08            0 -2.57044e-12  5.45919e-11  -5.2149e-11    5.785e-09  8.23229e-06 -5.27601e-06            0  3.19273e-09  3.27826e-08            0            0  5.81059e-24  -4.8829e-19  8.14378e-09 -4.73062e-09 -6.99926e-09   0.00143518   1.4336e-08 -9.77694e-09 -3.38491e-10  1.09418e-09            0 -1.63565e-11
 8.62891e-07 -3.73151e-06            0  1.35808e-10 -9.71702e-09 -3.20216e-08 -8.43828e-07  -0.00257882 -0.000150786            0  6.09297e-07 -3.05079e-06            0            0 -3.35557e-22 -1.12716e-17 -2.64928e-06  5.98853e-07 -1.03837e-07   1.4336e-08     0.127471  1.20721e-06  4.22342e-09 -2.24295e-07            0 -5.44915e-10
-1.61691e-07  1.61937e-06            0 -1.50677e-12  3.55819e-09  4.79188e-09  3.43631e-07  0.000708234 -8.26239e-05            0  1.55935e-07  1.59882e-06            0            0  4.68993e-22 -5.49248e-18  6.24021e-07 -3.80402e-07 -3.43985e-07 -9.77694e-09  1.20721e-06     0.027172  9.26334e-09  7.82004e-08            0  7.93162e-11
-7.56863e-08 -3.40445e-08            0 -5.51434e-11 -1.76079e-10   3.3951e-10 -4.68067e-09 -2.59407e-05  -3.1291e-05            0 -5.84866e-08  1.66159e-08            0            0 -6.45518e-24 -3.31741e-18 -2.70259e-06   2.4402e-09    3.586e-08 -3.38491e-10  4.22342e-09  9.26334e-09   0.00357611 -5.57204e-09            0  -5.5094e-11
-4.47455e-08 -2.83689e-07            0 -5.33443e-11  -7.5817e-10 -3.04898e-10 -9.24908e-08 -8.70393e-05 -1.16937e-05            0  -8.9022e-08   1.0005e-07            0            0  3.09453e-24 -1.70626e-18 -1.03744e-07 -8.71028e-07  5.59685e-08  1.09418e-09 -2.24295e-07  7.82004e-08 -5.57204e-09   0.00193564            0 -2.61097e-11
           0            0            0            0            0            0            0            0            0            0            0            0            0            0            0            0            0            0            0            0            0            0            0            0     0.000225            0
-6.52071e-10 -3.40893e-10            0 -4.78503e-13 -1.00103e-12 -8.77872e-12   4.6148e-11  -1.7388e-07 -3.36617e-07            0 -4.20967e-10  2.05922e-10            0            0 -1.34973e-24 -4.18747e-20 -2.67361e-10  2.15812e-10  9.96138e-11 -1.63565e-11 -5.44915e-10  7.93162e-11  -5.5094e-11 -2.61097e-11            0  3.51562e-06
* row and column names
af_m
af_p
albedo_bg
alpha_m
alpha_p
auf_m
auf_p
den_m
den_p
e_bg
n_m
n_p
pen_s
pen_w
perm_m
perm_p
por_m
por_p
tcd_m
tcd_p
tcs_m
tcs_p
wr_m
wr_p
z_bg
z_s
