    20    20     1
    0.316148 -5.73871e-08  -2.0147e-10   -9.634e-11  -5.6843e-09  1.04301e-07  5.47958e-05 -6.86192e-06 -3.87352e-07  6.87868e-08 -2.25259e-21 -7.93797e-19  9.82584e-08 -1.05317e-08 -7.66488e-08 -1.20887e-08  1.33684e-07 -2.13564e-07 -4.01365e-08 -3.58708e-08
-5.73871e-08     0.318567  8.75957e-11 -1.45103e-10 -7.33762e-09 -8.81828e-08 -4.67169e-05 -1.36235e-05   3.1101e-07  3.79572e-08  1.33359e-21 -8.10775e-19 -1.01698e-07 -2.09714e-08 -3.35791e-09  5.17907e-09 -4.51494e-08  1.15508e-07  1.03315e-08  1.90086e-08
 -2.0147e-10  8.75957e-11  4.68321e-07  1.34145e-13 -7.32856e-12  1.57054e-09   8.1829e-07   2.6335e-08 -1.09624e-08  2.40414e-10 -5.19998e-23 -9.20179e-22  2.99179e-09  2.17394e-10 -1.25539e-09  -1.5154e-10  9.25351e-10 -2.98437e-09 -5.32233e-10 -4.53943e-10
  -9.634e-11 -1.45103e-10  1.34145e-13  1.40625e-05 -2.74549e-11  -7.7105e-10   -5.502e-07 -2.53654e-08  4.83377e-10 -1.46867e-08  1.57064e-24 -1.67215e-21 -3.45568e-10  1.24735e-08  7.25916e-10  5.59937e-11 -7.50138e-10  1.21471e-09  2.03708e-10  3.33372e-09
 -5.6843e-09 -7.33762e-09 -7.32856e-12 -2.74549e-11    0.0686867 -2.79423e-09 -3.15226e-06 -3.56954e-06 -1.60084e-09  7.89825e-10 -1.56721e-22 -1.06121e-19 -4.04799e-09 -2.88738e-09 -6.59247e-09 -3.05192e-10 -4.68182e-09 -6.13081e-10 -8.86764e-10 -6.70876e-10
 1.04301e-07 -8.81828e-08  1.57054e-09  -7.7105e-10 -2.79423e-09     0.033342 -0.000586957 -2.17791e-05  3.94222e-06 -3.96931e-07  2.13109e-20  1.11289e-19 -1.20721e-06 -6.32563e-08   7.9288e-07  9.45512e-08 -7.67347e-07  1.83497e-06  3.11426e-07  2.95775e-07
 5.47958e-05 -4.67169e-05   8.1829e-07   -5.502e-07 -3.15226e-06 -0.000586957       225625    -0.013155    0.0020364  -0.00027053  1.06573e-17   1.2823e-17 -0.000637813 -2.62036e-05  0.000475536  5.28413e-05 -0.000459108    0.0010253  0.000169432  0.000164279
-6.86192e-06 -1.36235e-05   2.6335e-08 -2.53654e-08 -3.56954e-06 -2.17791e-05    -0.013155       113906  8.01874e-05  5.03925e-06  1.87911e-19 -1.31231e-16 -2.42273e-05  -7.3635e-06  1.75176e-06  1.25768e-06  -1.2198e-05  3.06407e-05  4.40759e-06  3.76291e-06
-3.87352e-07   3.1101e-07 -1.09624e-08  4.83377e-10 -1.60084e-09  3.94222e-06    0.0020364  8.01874e-05     0.262626  3.96796e-07 -1.55848e-19 -9.98997e-20  8.65618e-06  6.69989e-07 -3.12037e-06 -3.70178e-07  2.30714e-06 -7.57362e-06 -1.20443e-06 -1.10143e-06
 6.87868e-08  3.79572e-08  2.40414e-10 -1.46867e-08  7.89825e-10 -3.96931e-07  -0.00027053  5.03925e-06  3.96796e-07     0.262648  2.43476e-21  9.07972e-19 -2.03303e-07  7.40646e-06  3.97836e-07  3.53663e-08 -3.89321e-07  6.73812e-07  1.14229e-07  1.99328e-06
-2.25259e-21  1.33359e-21 -5.19998e-23  1.57064e-24 -1.56721e-22  2.13109e-20  1.06573e-17  1.87911e-19 -1.55848e-19  2.43476e-21  1.40625e-27 -1.12496e-32  5.33358e-20  2.92258e-21 -1.68248e-20  -1.9486e-21  1.25294e-20 -3.89046e-20 -4.95162e-21 -5.96106e-21
-7.93797e-19 -8.10775e-19 -9.20179e-22 -1.67215e-21 -1.06121e-19  1.11289e-19   1.2823e-17 -1.31231e-16 -9.98997e-20  9.07972e-19 -1.12496e-32  4.01996e-22 -3.70295e-20 -2.99634e-19 -4.07121e-19   -7.319e-20 -4.01015e-21  -5.2659e-19 -1.02778e-19 -1.62116e-19
 9.82584e-08 -1.01698e-07  2.99179e-09 -3.45568e-10 -4.04799e-09 -1.20721e-06 -0.000637813 -2.42273e-05  8.65618e-06 -2.03303e-07  5.33358e-20 -3.70295e-20    0.0325327 -1.50688e-07  9.29202e-07  1.05914e-07 -8.00326e-07  2.06375e-06 -8.75006e-07  3.28374e-07
-1.05317e-08 -2.09714e-08  2.17394e-10  1.24735e-08 -2.88738e-09 -6.32563e-08 -2.62036e-05  -7.3635e-06  6.69989e-07  7.40646e-06  2.92258e-21 -2.99634e-19 -1.50688e-07    0.0571121  5.27505e-08  4.42551e-09 -2.59407e-08  1.05201e-07  3.56331e-08 -6.32653e-06
-7.66488e-08 -3.35791e-09 -1.25539e-09  7.25916e-10 -6.59247e-09   7.9288e-07  0.000475536  1.75176e-06 -3.12037e-06  3.97836e-07 -1.68248e-20 -4.07121e-19  9.29202e-07  5.27505e-08     0.136272 -7.49674e-08  5.25416e-07 -1.45115e-06 -2.57175e-07 -2.24999e-07
-1.20887e-08  5.17907e-09  -1.5154e-10  5.59937e-11 -3.05192e-10  9.45512e-08  5.28413e-05  1.25768e-06 -3.70178e-07  3.53663e-08  -1.9486e-21   -7.319e-20  1.05914e-07  4.42551e-09 -7.49674e-08   0.00143517  6.86342e-08 -1.70304e-07 -2.92144e-08 -2.79414e-08
 1.33684e-07 -4.51494e-08  9.25351e-10 -7.50138e-10 -4.68182e-09 -7.67347e-07 -0.000459108  -1.2198e-05  2.30714e-06 -3.89321e-07  1.25294e-20 -4.01015e-21 -8.00326e-07 -2.59407e-08  5.25416e-07  6.86342e-08     0.127476  1.32149e-06  2.08026e-07  2.15821e-07
-2.13564e-07  1.15508e-07 -2.98437e-09  1.21471e-09 -6.13081e-10  1.83497e-06    0.0010253  3.06407e-05 -7.57362e-06  6.73812e-07 -3.89046e-20  -5.2659e-19  2.06375e-06  1.05201e-07 -1.45115e-06 -1.70304e-07  1.32149e-06    0.0271693 -5.82087e-07 -5.32768e-07
-4.01365e-08  1.03315e-08 -5.32233e-10  2.03708e-10 -8.86764e-10  3.11426e-07  0.000169432  4.40759e-06 -1.20443e-06  1.14229e-07 -4.95162e-21 -1.02778e-19 -8.75006e-07  3.56331e-08 -2.57175e-07 -2.92144e-08  2.08026e-07 -5.82087e-07   0.00357651 -8.52205e-08
-3.58708e-08  1.90086e-08 -4.53943e-10  3.33372e-09 -6.70876e-10  2.95775e-07  0.000164279  3.76291e-06 -1.10143e-06  1.99328e-06 -5.96106e-21 -1.62116e-19  3.28374e-07 -6.32653e-06 -2.24999e-07 -2.79414e-08  2.15821e-07 -5.32768e-07 -8.52205e-08   0.00707428
* row and column names
af_m
af_p
alpha_m
alpha_p
auf_m
auf_p
den_m
den_p
n_m
n_p
perm_m
perm_p
por_m
por_p
tcd_m
tcd_p
tcs_m
tcs_p
wr_m
wr_p
