    20    20     1
    0.316149 -1.61004e-07  4.84141e-10  1.67591e-10   2.7096e-09  2.90866e-08  0.000707689  0.000730071  1.12274e-07  5.82578e-08 -6.26311e-22  5.95311e-19 -6.77855e-08 -5.71926e-08 -2.06158e-09 -2.47153e-09  1.44936e-07 -6.90321e-08  -4.8503e-09  -2.5295e-08
-1.61004e-07     0.318564  5.52846e-09 -3.42278e-09 -1.09387e-08 -4.12404e-07    0.0157357    0.0168807  1.38331e-06 -7.96265e-07 -1.75827e-20  1.78267e-17 -8.64396e-07 -2.11652e-07 -1.04801e-07  2.87413e-08 -3.11189e-08  7.86276e-07  1.20276e-08  5.72616e-08
 4.84141e-10  5.52846e-09  4.68153e-07 -1.82271e-10  1.38642e-12  7.17573e-10 -2.86089e-07  3.36712e-07 -4.41855e-08 -3.54406e-08  1.42932e-22 -5.64467e-20  2.80611e-08   6.1161e-09   3.5396e-10 -5.75348e-11   -6.706e-10 -3.00161e-09 -6.71046e-10 -1.02614e-09
 1.67591e-10 -3.42278e-09 -1.82271e-10  1.40593e-05   1.9889e-10  7.92085e-10  5.12177e-05   5.6623e-05 -3.68659e-08 -6.17243e-07 -1.71863e-21   9.6612e-20  1.70884e-08  2.25794e-07   5.9919e-10 -5.18956e-11 -1.44003e-09 -4.71912e-09 -2.54861e-09  2.47852e-08
  2.7096e-09 -1.09387e-08  1.38642e-12   1.9889e-10    0.0686867 -7.63333e-09 -5.01716e-05 -5.07152e-05  4.15796e-10 -2.54427e-09 -5.11207e-23  1.49298e-18  1.52195e-09  1.36368e-08 -6.97579e-09 -2.00187e-10 -9.70067e-09  1.02448e-08 -3.97948e-10  6.80313e-09
 2.90866e-08 -4.12404e-07  7.17573e-10  7.92085e-10 -7.63333e-09    0.0333428  0.000277073  0.000402697  1.49813e-07  2.16294e-08 -2.99342e-21  3.17977e-18 -5.63629e-08 -5.43037e-08  2.83369e-09  1.61145e-08 -2.11063e-07  4.46887e-07  3.35497e-08    7.886e-08
 0.000707689    0.0157357 -2.86089e-07  5.12177e-05 -5.01716e-05  0.000277073       225072     -589.987 -0.000378883   0.00985918  7.65698e-18 -2.79622e-14   0.00182733   0.00274884 -5.00485e-05 -2.31968e-05  0.000442293 -0.000157131  0.000374386   0.00149779
 0.000730071    0.0168807  3.36712e-07   5.6623e-05 -5.07152e-05  0.000402697     -589.987       113277 -0.000268193    0.0109614  8.02817e-18 -2.99055e-14   0.00186069   0.00284094 -8.11873e-05 -3.30034e-05  0.000596134 -0.000388521  0.000384936   0.00155865
 1.12274e-07  1.38331e-06 -4.41855e-08 -3.68659e-08  4.15796e-10  1.49813e-07 -0.000378883 -0.000268193     0.262644 -7.29091e-06  3.81394e-20 -1.61784e-17   8.0784e-06  7.98867e-07  8.10525e-08 -1.55852e-08 -1.40811e-07 -8.43104e-07  6.57243e-08 -3.53791e-07
 5.82578e-08 -7.96265e-07 -3.54406e-08 -6.17243e-07 -2.54427e-09  2.16294e-08   0.00985918    0.0109614 -7.29091e-06     0.262534 -3.41391e-19  2.27832e-17  3.41106e-06  4.49282e-05  6.27551e-08 -1.21006e-08 -4.29401e-07 -9.72317e-07 -4.83251e-07  5.16296e-06
-6.26311e-22 -1.75827e-20  1.42932e-22 -1.71863e-21 -5.11207e-23 -2.99342e-21  7.65698e-18  8.02817e-18  3.81394e-20 -3.41391e-19  1.40625e-27  3.12038e-31 -2.72493e-20  1.41127e-19 -3.32359e-22  2.25024e-22 -2.83688e-22  6.64319e-21 -8.43932e-22  1.72776e-20
 5.95311e-19  1.78267e-17 -5.64467e-20   9.6612e-20  1.49298e-18  3.17977e-18 -2.79622e-14 -2.99055e-14 -1.61784e-17  2.27832e-17  3.12038e-31  4.01995e-22  1.05568e-17 -1.08236e-17  2.78338e-18  1.20148e-20  5.04891e-19 -4.38128e-18  5.17007e-19 -2.68351e-18
-6.77855e-08 -8.64396e-07  2.80611e-08  1.70884e-08  1.52195e-09 -5.63629e-08   0.00182733   0.00186069   8.0784e-06  3.41106e-06 -2.72493e-20  1.05568e-17    0.0325301 -8.86558e-08 -5.02248e-08  4.97442e-09  6.77783e-08  3.34644e-07 -1.23109e-06  2.32282e-07
-5.71926e-08 -2.11652e-07   6.1161e-09  2.25794e-07  1.36368e-08 -5.43037e-08   0.00274884   0.00284094  7.98867e-07  4.49282e-05  1.41127e-19 -1.08236e-17 -8.86558e-08       0.0571  7.61027e-09  7.52402e-09  1.45899e-07  3.27137e-07   1.5838e-07 -7.08641e-06
-2.06158e-09 -1.04801e-07   3.5396e-10   5.9919e-10 -6.97579e-09  2.83369e-09 -5.00485e-05 -8.11873e-05  8.10525e-08  6.27551e-08 -3.32359e-22  2.78338e-18 -5.02248e-08  7.61027e-09     0.136273 -1.60654e-09 -6.61414e-09 -1.94051e-08 -3.84208e-09   5.4737e-09
-2.47153e-09  2.87413e-08 -5.75348e-11 -5.18956e-11 -2.00187e-10  1.61145e-08 -2.31968e-05 -3.30034e-05 -1.55852e-08 -1.21006e-08  2.25024e-22  1.20148e-20  4.97442e-09  7.52402e-09 -1.60654e-09   0.00143518  1.63384e-08 -3.68504e-08 -2.92094e-09 -5.80624e-09
 1.44936e-07 -3.11189e-08   -6.706e-10 -1.44003e-09 -9.70067e-09 -2.11063e-07  0.000442293  0.000596134 -1.40811e-07 -4.29401e-07 -2.83688e-22  5.04891e-19  6.77783e-08  1.45899e-07 -6.61414e-09  1.63384e-08     0.127477  4.46526e-07  2.65456e-08   1.0332e-07
-6.90321e-08  7.86276e-07 -3.00161e-09 -4.71912e-09  1.02448e-08  4.46887e-07 -0.000157131 -0.000388521 -8.43104e-07 -9.72317e-07  6.64319e-21 -4.38128e-18  3.34644e-07  3.27137e-07 -1.94051e-08 -3.68504e-08  4.46526e-07    0.0271715 -8.78087e-08 -1.66393e-07
 -4.8503e-09  1.20276e-08 -6.71046e-10 -2.54861e-09 -3.97948e-10  3.35497e-08  0.000374386  0.000384936  6.57243e-08 -4.83251e-07 -8.43932e-22  5.17007e-19 -1.23109e-06   1.5838e-07 -3.84208e-09 -2.92094e-09  2.65456e-08 -8.78087e-08   0.00357659 -3.29103e-09
 -2.5295e-08  5.72616e-08 -1.02614e-09  2.47852e-08  6.80313e-09    7.886e-08   0.00149779   0.00155865 -3.53791e-07  5.16296e-06  1.72776e-20 -2.68351e-18  2.32282e-07 -7.08641e-06   5.4737e-09 -5.80624e-09   1.0332e-07 -1.66393e-07 -3.29103e-09    0.0070744
* row and column names
af_m
af_p
alpha_m
alpha_p
auf_m
auf_p
den_m
den_p
n_m
n_p
perm_m
perm_p
por_m
por_p
tcd_m
tcd_p
tcs_m
tcs_p
wr_m
wr_p
