    20    20     1
    0.316149 -1.61742e-07   3.6546e-10  -2.4493e-10 -4.69912e-09  2.78025e-08  0.000569348  0.000608761  5.18869e-08 -9.74056e-08  1.00892e-21  2.87631e-20 -5.15656e-08 -8.84595e-09 -9.47681e-09 -5.16448e-09  1.25056e-07 -8.49821e-08 -1.10691e-08 -2.60227e-08
-1.61742e-07     0.318564  5.89113e-09 -5.03093e-09 -1.10614e-09 -4.32561e-07    0.0171655    0.0185193  1.38439e-06 -1.83067e-06 -3.13192e-21  2.16101e-18   -9.116e-07 -1.75844e-07  -9.5842e-08   2.0899e-08 -4.15751e-08  7.21722e-07  3.05466e-10 -1.75436e-08
  3.6546e-10  5.89113e-09  4.68154e-07 -1.85833e-10   6.4322e-12  7.13161e-10 -2.79371e-08  4.29638e-07 -4.33443e-08 -3.53432e-08  2.03176e-22 -1.11889e-20  2.76516e-08  6.14516e-09   2.7553e-10 -4.38763e-11 -5.25863e-10  -2.3262e-09 -6.03858e-10 -9.30482e-10
 -2.4493e-10 -5.03093e-09 -1.85833e-10  1.40591e-05  1.20606e-10  6.91616e-10  5.89063e-05  6.35803e-05 -3.41221e-08 -6.41008e-07 -2.40757e-21  7.00234e-20   1.6454e-08   2.2996e-07  7.63437e-10  1.55466e-10 -1.79788e-09 -5.15795e-10 -2.33572e-09  2.58893e-08
-4.69912e-09 -1.10614e-09   6.4322e-12  1.20606e-10    0.0686867 -1.12833e-09  9.46817e-05  0.000103332 -1.13076e-08  7.90531e-09  3.54369e-21  -3.3863e-20 -6.36697e-11  -2.1027e-08 -2.25958e-09 -1.18022e-09 -4.29629e-09 -1.29404e-08 -1.39679e-09 -6.68089e-09
 2.78025e-08 -4.32561e-07  7.13161e-10  6.91616e-10 -1.12833e-09    0.0333428  0.000282958  0.000418881  1.19993e-07 -2.00107e-07   1.7865e-21 -1.00272e-19 -5.02199e-08 -4.28854e-08  7.67584e-09  1.34103e-08 -2.11764e-07  4.15945e-07  3.38238e-08  6.28805e-08
 0.000569348    0.0171655 -2.79371e-08  5.89063e-05  9.46817e-05  0.000282958       225073     -589.375 -0.000101545    0.0127119 -8.31848e-17 -1.39561e-14   0.00177856   0.00263243 -0.000108834 -6.62156e-06  0.000656917  7.37767e-05  0.000440423   0.00171597
 0.000608761    0.0185193  4.29638e-07  6.35803e-05  0.000103332  0.000418881     -589.375       113277  3.40827e-05    0.0140646 -1.01615e-16 -1.46526e-14   0.00183035   0.00277221 -0.000136524 -1.11273e-05  0.000802504 -0.000110051  0.000462065   0.00180816
 5.18869e-08  1.38439e-06 -4.33443e-08 -3.41221e-08 -1.13076e-08  1.19993e-07 -0.000101545  3.40827e-05     0.262644 -6.83835e-06  7.14246e-20 -3.61627e-18  7.92262e-06  6.00379e-07  4.97215e-08 -1.76825e-08 -1.32196e-07 -6.87214e-07  8.34295e-08 -3.52012e-07
-9.74056e-08 -1.83067e-06 -3.53432e-08 -6.41008e-07  7.90531e-09 -2.00107e-07    0.0127119    0.0140646 -6.83835e-06     0.262527 -3.76972e-19  7.68448e-18  3.07457e-06   4.6428e-05  6.55021e-10  4.11603e-10 -5.39581e-07 -2.19969e-07 -4.87059e-07  5.50769e-06
 1.00892e-21 -3.13192e-21  2.03176e-22 -2.40757e-21  3.54369e-21   1.7865e-21 -8.31848e-17 -1.01615e-16  7.14246e-20 -3.76972e-19  1.40624e-27    1.032e-31 -3.85405e-20  1.82275e-19  2.35109e-22  2.09229e-21 -2.33961e-21  2.29995e-20  1.66103e-21  2.57256e-20
 2.87631e-20  2.16101e-18 -1.11889e-20  7.00234e-20  -3.3863e-20 -1.00272e-19 -1.39561e-14 -1.46526e-14 -3.61627e-18  7.68448e-18    1.032e-31  4.01996e-22  2.26992e-18 -2.53133e-18 -5.62941e-19 -6.47335e-20 -5.06959e-19 -4.24764e-19  3.64591e-20 -1.33122e-19
-5.15656e-08   -9.116e-07  2.76516e-08   1.6454e-08 -6.36697e-11 -5.02199e-08   0.00177856   0.00183035  7.92262e-06  3.07457e-06 -3.85405e-20  2.26992e-18      0.03253   5.0799e-08 -4.17594e-08  2.67485e-09  5.69995e-08  2.35923e-07 -1.24759e-06  2.38993e-07
-8.84595e-09 -1.75844e-07  6.14516e-09   2.2996e-07  -2.1027e-08 -4.28854e-08   0.00263243   0.00277221  6.00379e-07   4.6428e-05  1.82275e-19 -2.53133e-18   5.0799e-08       0.0571  5.29233e-09 -1.49579e-09  1.55554e-07  1.21488e-07  1.52531e-07  -7.1886e-06
-9.47681e-09  -9.5842e-08   2.7553e-10  7.63437e-10 -2.25958e-09  7.67584e-09 -0.000108834 -0.000136524  4.97215e-08  6.55021e-10  2.35109e-22 -5.62941e-19 -4.17594e-08  5.29233e-09     0.136273 -3.17042e-09 -9.51552e-09 -4.17146e-08 -4.94369e-09 -3.81039e-09
-5.16448e-09   2.0899e-08 -4.38763e-11  1.55466e-10 -1.18022e-09  1.34103e-08 -6.62156e-06 -1.11273e-05 -1.76825e-08  4.11603e-10  2.09229e-21 -6.47335e-20  2.67485e-09 -1.49579e-09 -3.17042e-09   0.00143518  1.57164e-08 -3.80308e-08  -3.7035e-09 -6.48631e-09
 1.25056e-07 -4.15751e-08 -5.25863e-10 -1.79788e-09 -4.29629e-09 -2.11764e-07  0.000656917  0.000802504 -1.32196e-07 -5.39581e-07 -2.33961e-21 -5.06959e-19  5.69995e-08  1.55554e-07 -9.51552e-09  1.57164e-08     0.127477  4.50563e-07  3.03345e-08  9.66438e-08
-8.49821e-08  7.21722e-07  -2.3262e-09 -5.15795e-10 -1.29404e-08  4.15945e-07  7.37767e-05 -0.000110051 -6.87214e-07 -2.19969e-07  2.29995e-20 -4.24764e-19  2.35923e-07  1.21488e-07 -4.17146e-08 -3.80308e-08  4.50563e-07    0.0271716 -9.02798e-08 -1.54614e-07
-1.10691e-08  3.05466e-10 -6.03858e-10 -2.33572e-09 -1.39679e-09  3.38238e-08  0.000440423  0.000462065  8.34295e-08 -4.87059e-07  1.66103e-21  3.64591e-20 -1.24759e-06  1.52531e-07 -4.94369e-09  -3.7035e-09  3.03345e-08 -9.02798e-08   0.00357658 -4.93361e-09
-2.60227e-08 -1.75436e-08 -9.30482e-10  2.58893e-08 -6.68089e-09  6.28805e-08   0.00171597   0.00180816 -3.52012e-07  5.50769e-06  2.57256e-20 -1.33122e-19  2.38993e-07  -7.1886e-06 -3.81039e-09 -6.48631e-09  9.66438e-08 -1.54614e-07 -4.93361e-09   0.00707435
* row and column names
af_m
af_p
alpha_m
alpha_p
auf_m
auf_p
den_m
den_p
n_m
n_p
perm_m
perm_p
por_m
por_p
tcd_m
tcd_p
tcs_m
tcs_p
wr_m
wr_p
