    20    20     1
    0.316148  -6.6994e-08 -3.53119e-10   2.5026e-10 -9.39841e-11  1.94248e-07  0.000624579  0.000537548 -1.10367e-06  1.05263e-07 -1.86703e-20  5.76263e-19  2.05561e-07  1.54523e-08 -1.44494e-07 -1.82512e-08  2.38384e-07 -3.96018e-07 -7.16652e-08 -5.86965e-08
 -6.6994e-08     0.318567  2.96297e-10  8.02811e-10 -8.43021e-10 -8.28751e-08    0.0077027   0.00821262  4.19845e-07  1.83637e-07  5.09743e-21  7.98882e-19 -1.48645e-07 -7.49005e-08  -1.1904e-07   7.8734e-09  6.41363e-08   1.1118e-07 -7.71944e-09  2.38989e-08
-3.53119e-10  2.96297e-10  4.68317e-07 -2.24663e-13 -1.12268e-11  2.10851e-09  1.78663e-06   6.9216e-07 -2.08389e-08 -4.77257e-10 -3.10499e-22  3.54754e-22  4.96168e-09  6.08458e-10 -1.84307e-09 -2.03049e-10  1.13024e-09 -4.23537e-09 -8.85709e-10 -5.98668e-10
  2.5026e-10  8.02811e-10 -2.24663e-13  1.40621e-05  8.18703e-12 -1.47154e-09  1.45526e-06  3.27118e-06  2.75573e-09 -1.85421e-07  1.56977e-22  9.01108e-20 -5.74948e-10   6.0319e-08  2.08091e-09  1.25888e-10 -2.02525e-09  3.31552e-09  4.19214e-10  9.99659e-09
-9.39841e-11 -8.43021e-10 -1.12268e-11  8.18703e-12    0.0686867  4.28986e-09  3.41534e-06  5.71873e-07 -3.46519e-08  2.89156e-09 -5.49925e-22 -3.07578e-22  6.34185e-09  1.30381e-09 -6.31552e-09 -4.04338e-10  5.86332e-10 -9.07288e-09 -1.91439e-09  -9.7762e-10
 1.94248e-07 -8.28751e-08  2.10851e-09 -1.47154e-09  4.28986e-09     0.033342  -0.00042019  0.000202508  6.06569e-06 -5.84367e-07  9.82766e-20  7.66833e-19 -1.22544e-06  -1.3544e-07  8.42697e-07  9.13828e-08 -7.40103e-07  1.97603e-06  3.68306e-07  2.81385e-07
 0.000624579    0.0077027  1.78663e-06  1.45526e-06  3.41534e-06  -0.00042019       225071     -590.376   0.00533789   0.00310878  1.41364e-16 -1.89863e-15   4.6027e-05   0.00270649   0.00052046    1.976e-05 -0.000107877   0.00135523  0.000579098   0.00107798
 0.000537548   0.00821262   6.9216e-07  3.27118e-06  5.71873e-07  0.000202508     -590.376       113277    0.0020138   0.00401669  8.87527e-17 -2.16753e-15  0.000791134   0.00293352 -5.41728e-05 -3.81624e-05  0.000427208  0.000154395  0.000387087  0.000972417
-1.10367e-06  4.19845e-07 -2.08389e-08  2.75573e-09 -3.46519e-08  6.06569e-06   0.00533789    0.0020138     0.262589 -5.45239e-07 -9.63088e-19  -6.3763e-18  1.44507e-05  1.45114e-06  -5.6794e-06 -5.77592e-07  3.66245e-06 -1.32094e-05 -2.13077e-06 -1.75494e-06
 1.05263e-07  1.83637e-07 -4.77257e-10 -1.85421e-07  2.89156e-09 -5.84367e-07   0.00310878   0.00401669 -5.45239e-07      0.26257  2.99403e-20  2.82761e-17  2.29802e-07  2.86037e-05   7.7297e-07  5.15944e-08 -8.23054e-07  1.29733e-06  1.72976e-07  4.97479e-06
-1.86703e-20  5.09743e-21 -3.10499e-22  1.56977e-22 -5.49925e-22  9.82766e-20  1.41364e-16  8.87527e-17 -9.63088e-19  2.99403e-20  1.40623e-27 -1.71478e-31   2.3158e-19  6.64209e-21 -9.18469e-20   -9.062e-21  6.47884e-20 -1.96683e-19 -3.37621e-20 -3.05768e-20
 5.76263e-19  7.98882e-19  3.54754e-22  9.01108e-20 -3.07578e-22  7.66833e-19 -1.89863e-15 -2.16753e-15  -6.3763e-18  2.82761e-17 -1.71478e-31  4.01996e-22  1.56567e-18 -2.02111e-18 -3.39382e-20 -4.07383e-20  8.70335e-19 -1.73185e-18  1.30534e-19  7.41158e-19
 2.05561e-07 -1.48645e-07  4.96168e-09 -5.74948e-10  6.34185e-09 -1.22544e-06   4.6027e-05  0.000791134  1.44507e-05  2.29802e-07   2.3158e-19  1.56567e-18    0.0325321 -2.18422e-07  1.07559e-06  1.11029e-07 -7.83125e-07  2.32064e-06  -6.9587e-07  3.59892e-07
 1.54523e-08 -7.49005e-08  6.08458e-10   6.0319e-08  1.30381e-09  -1.3544e-07   0.00270649   0.00293352  1.45114e-06  2.86037e-05  6.64209e-21 -2.02111e-18 -2.18422e-07    0.0571077  1.09832e-07  1.33861e-08 -6.17861e-09   2.3986e-07  8.30211e-08 -6.45196e-06
-1.44494e-07  -1.1904e-07 -1.84307e-09  2.08091e-09 -6.31552e-09  8.42697e-07   0.00052046 -5.41728e-05  -5.6794e-06   7.7297e-07 -9.18469e-20 -3.39382e-20  1.07559e-06  1.09832e-07     0.136272  -7.9785e-08  5.56788e-07 -1.76743e-06 -3.34307e-07 -2.26997e-07
-1.82512e-08   7.8734e-09 -2.03049e-10  1.25888e-10 -4.04338e-10  9.13828e-08    1.976e-05 -3.81624e-05 -5.77592e-07  5.15944e-08   -9.062e-21 -4.07383e-20  1.11029e-07  1.33861e-08  -7.9785e-08   0.00143517   6.5805e-08 -1.87709e-07 -3.45582e-08 -2.64057e-08
 2.38384e-07  6.41363e-08  1.13024e-09 -2.02525e-09  5.86332e-10 -7.40103e-07 -0.000107877  0.000427208  3.66245e-06 -8.23054e-07  6.47884e-20  8.70335e-19 -7.83125e-07 -6.17861e-09  5.56788e-07   6.5805e-08     0.127476  1.43644e-06  2.39272e-07  2.13719e-07
-3.96018e-07   1.1118e-07 -4.23537e-09  3.31552e-09 -9.07288e-09  1.97603e-06   0.00135523  0.000154395 -1.32094e-05  1.29733e-06 -1.96683e-19 -1.73185e-18  2.32064e-06   2.3986e-07 -1.76743e-06 -1.87709e-07  1.43644e-06    0.0271684 -7.37495e-07 -5.78068e-07
-7.16652e-08 -7.71944e-09 -8.85709e-10  4.19214e-10 -1.91439e-09  3.68306e-07  0.000579098  0.000387087 -2.13077e-06  1.72976e-07 -3.37621e-20  1.30534e-19  -6.9587e-07  8.30211e-08 -3.34307e-07 -3.45582e-08  2.39272e-07 -7.37495e-07   0.00357647 -9.71141e-08
-5.86965e-08  2.38989e-08 -5.98668e-10  9.99659e-09  -9.7762e-10  2.81385e-07   0.00107798  0.000972417 -1.75494e-06  4.97479e-06 -3.05768e-20  7.41158e-19  3.59892e-07 -6.45196e-06 -2.26997e-07 -2.64057e-08  2.13719e-07 -5.78068e-07 -9.71141e-08   0.00707446
* row and column names
af_m
af_p
alpha_m
alpha_p
auf_m
auf_p
den_m
den_p
n_m
n_p
perm_m
perm_p
por_m
por_p
tcd_m
tcd_p
tcs_m
tcs_p
wr_m
wr_p
