    12    12     1
 4.68316e-07 -5.87054e-12 -2.99482e-09 -1.25357e-09            0 -1.03313e-22 -1.28053e-19 -1.14624e-09 -2.69504e-10 -4.01014e-10  1.01157e-11            0
-5.87054e-12  6.24995e-06 -6.17321e-09 -2.00031e-09            0 -2.00305e-22 -2.49393e-19 -2.69891e-09 -3.16733e-09 -6.85224e-10  -1.5814e-10            0
-2.99482e-09 -6.17321e-09      7.56249  -3.2606e-07            0 -1.33636e-19 -2.86554e-17  -1.0075e-06  2.00699e-07 -1.90145e-07  2.13665e-08            0
-1.25357e-09 -2.00031e-09  -3.2606e-07    0.0656598            0 -6.36755e-21  1.13389e-17  -2.0832e-07  2.03448e-07 -1.44365e-07  5.13579e-08            0
           0            0            0            0    5.625e-05            0            0            0            0            0            0            0
-1.03313e-22 -2.00305e-22 -1.33636e-19 -6.36755e-21            0  1.40624e-27   -1.422e-30 -2.77965e-20  5.47959e-21 -6.08086e-21  4.31342e-22            0
-1.28053e-19 -2.49393e-19 -2.86554e-17  1.13389e-17            0   -1.422e-30  4.01989e-22 -2.80796e-17 -3.87789e-17 -6.46003e-18 -2.93712e-18            0
-1.14624e-09 -2.69891e-09  -1.0075e-06  -2.0832e-07            0 -2.77965e-20 -2.80796e-17    0.0325224  1.05378e-08 -7.68214e-08 -1.26326e-08            0
-2.69504e-10 -3.16733e-09  2.00699e-07  2.03448e-07            0  5.47959e-21 -3.87789e-17  1.05378e-08    0.0298232 -2.12181e-07 -5.11946e-08            0
-4.01014e-10 -6.85224e-10 -1.90145e-07 -1.44365e-07            0 -6.08086e-21 -6.46003e-18 -7.68214e-08 -2.12181e-07   0.00193588    5.733e-09            0
 1.01157e-11  -1.5814e-10  2.13665e-08  5.13579e-08            0  4.31342e-22 -2.93712e-18 -1.26326e-08 -5.11946e-08    5.733e-09   0.00022499            0
           0            0            0            0            0            0            0            0            0            0            0  3.51563e-06
* row and column names
alpha_m
alpha_p
b_bc
n_p
pen_s
perm_m
perm_p
por_m
por_p
wr_p
z_bg
z_s
