    12    12     1
 4.68305e-07 -5.95209e-12 -6.03832e-09 -1.26005e-09  2.67339e-24 -8.99411e-23 -6.21069e-19 -2.17854e-10 -3.41799e-10 -4.02562e-10  -8.6656e-11  3.34174e-25
-5.95209e-12  6.24998e-06 -4.82233e-09 -2.83438e-09  1.52518e-25 -5.18791e-23 -3.69267e-19 -1.49957e-09 -3.00829e-09 -6.30784e-10 -1.86452e-10  1.90647e-26
-6.03832e-09 -4.82233e-09      7.56249 -5.10336e-07  -1.4107e-20 -4.44373e-20 -2.30622e-16 -1.08528e-06 -1.83036e-06 -2.49534e-07 -1.65131e-07 -1.76337e-21
-1.26005e-09 -2.83438e-09 -5.10336e-07    0.0656612  1.29357e-21 -1.41226e-20 -9.94196e-17 -3.03868e-07  1.41222e-07  4.50531e-08  1.89423e-09  1.61696e-22
 2.67339e-24  1.52518e-25  -1.4107e-20  1.29357e-21    5.625e-05  7.92185e-36  2.49817e-31  2.64186e-22 -3.37165e-21  2.18387e-22  -5.5257e-22  -7.1926e-35
-8.99411e-23 -5.18791e-23 -4.44373e-20 -1.41226e-20  7.92185e-36  1.40625e-27 -4.34512e-30 -5.54751e-21 -9.27411e-21 -2.69384e-21 -1.02222e-21  9.90231e-37
-6.21069e-19 -3.69267e-19 -2.30622e-16 -9.94196e-17  2.49817e-31 -4.34512e-30  4.01946e-22 -8.18933e-18 -3.05763e-18 -2.28437e-17 -5.16892e-18  3.12271e-32
-2.17854e-10 -1.49957e-09 -1.08528e-06 -3.03868e-07  2.64186e-22 -5.54751e-21 -8.18933e-18    0.0325214 -5.10015e-07 -7.68935e-08 -2.20907e-08  3.30232e-23
-3.41799e-10 -3.00829e-09 -1.83036e-06  1.41222e-07 -3.37165e-21 -9.27411e-21 -3.05763e-18 -5.10015e-07    0.0298189 -2.65004e-07 -8.72888e-08 -4.21456e-22
-4.02562e-10 -6.30784e-10 -2.49534e-07  4.50531e-08  2.18387e-22 -2.69384e-21 -2.28437e-17 -7.68935e-08 -2.65004e-07   0.00193591  -3.6908e-09  2.72984e-23
 -8.6656e-11 -1.86452e-10 -1.65131e-07  1.89423e-09  -5.5257e-22 -1.02222e-21 -5.16892e-18 -2.20907e-08 -8.72888e-08  -3.6908e-09  0.000224983 -6.90712e-23
 3.34174e-25  1.90647e-26 -1.76337e-21  1.61696e-22  -7.1926e-35  9.90231e-37  3.12271e-32  3.30232e-23 -4.21456e-22  2.72984e-23 -6.90712e-23  3.51563e-06
* row and column names
alpha_m
alpha_p
b_bc
n_p
pen_s
perm_m
perm_p
por_m
por_p
wr_p
z_bg
z_s
