    12    12     1
 4.68203e-07  1.18468e-11  8.26979e-09 -3.57045e-10  6.06737e-25  1.90224e-21 -1.89225e-18  5.14692e-09  6.63367e-09  8.58494e-10  2.49776e-10  7.58421e-26
 1.18468e-11  6.24998e-06  1.15089e-09 -3.75621e-09  4.34793e-24 -7.26981e-23  2.21262e-19 -1.79704e-09 -2.30304e-09 -2.79946e-10  7.33419e-11  5.43491e-25
 8.26979e-09  1.15089e-09      7.56249  3.72838e-07 -1.64117e-20 -1.83036e-19  1.61281e-16 -1.29797e-06 -9.76456e-07 -2.06195e-08  -1.7717e-07 -2.05147e-21
-3.57045e-10 -3.75621e-09  3.72838e-07    0.0656615  1.26869e-21  6.51616e-20 -4.26676e-17   -4.103e-07   1.0095e-07   9.6231e-08  2.15747e-08  1.58586e-22
 6.06737e-25  4.34793e-24 -1.64117e-20  1.26869e-21    5.625e-05  1.13334e-35 -1.06418e-31 -1.96779e-21  -2.3468e-21  1.27631e-22 -5.15181e-22  -7.0984e-35
 1.90224e-21 -7.26981e-23 -1.83036e-19  6.51616e-20  1.13334e-35  1.40615e-27   5.6809e-29 -2.51241e-20  -2.3597e-19 -2.26371e-20 -2.07302e-21  1.41667e-36
-1.89225e-18  2.21262e-19  1.61281e-16 -4.26676e-17 -1.06418e-31   5.6809e-29  4.01915e-22  2.93148e-17  1.68387e-16  2.86415e-17 -8.03401e-19 -1.33023e-32
 5.14692e-09 -1.79704e-09 -1.29797e-06   -4.103e-07 -1.96779e-21 -2.51241e-20  2.93148e-17    0.0325205 -5.79775e-07 -2.59636e-08 -5.48473e-08 -2.45973e-22
 6.63367e-09 -2.30304e-09 -9.76456e-07   1.0095e-07  -2.3468e-21  -2.3597e-19  1.68387e-16 -5.79775e-07    0.0298206 -2.52063e-07  -4.5754e-08  -2.9335e-22
 8.58494e-10 -2.79946e-10 -2.06195e-08   9.6231e-08  1.27631e-22 -2.26371e-20  2.86415e-17 -2.59636e-08 -2.52063e-07   0.00193594  3.34168e-09  1.59539e-23
 2.49776e-10  7.33419e-11  -1.7717e-07  2.15747e-08 -5.15181e-22 -2.07302e-21 -8.03401e-19 -5.48473e-08  -4.5754e-08  3.34168e-09  0.000224987 -6.43976e-23
 7.58421e-26  5.43491e-25 -2.05147e-21  1.58586e-22  -7.0984e-35  1.41667e-36 -1.33023e-32 -2.45973e-22  -2.9335e-22  1.59539e-23 -6.43976e-23  3.51563e-06
* row and column names
alpha_m
alpha_p
b_bc
n_p
pen_s
perm_m
perm_p
por_m
por_p
wr_p
z_bg
z_s
