    12    12     1
  4.6831e-07 -1.34447e-11 -1.82071e-09 -1.60893e-09  1.39446e-25 -3.88666e-23  5.04082e-19 -3.70205e-10 -1.65594e-10 -3.93265e-10 -1.06366e-10  1.74307e-26
-1.34447e-11  6.24995e-06 -1.11387e-09 -7.04397e-09  5.85019e-24 -2.75847e-23  6.14144e-19 -2.42372e-09 -7.15411e-10 -1.49645e-09  3.78533e-11  7.31273e-25
-1.82071e-09 -1.11387e-09      7.56249  3.27633e-07   -1.569e-20   -2.098e-20  7.39502e-17 -1.18287e-07  -2.0019e-07 -5.03847e-08 -1.06349e-07 -1.96125e-21
-1.60893e-09 -7.04397e-09  3.27633e-07    0.0656605  1.53295e-21 -5.12685e-21  6.36136e-17 -2.54235e-07  3.73504e-08 -1.69506e-08 -1.99198e-08  1.91619e-22
 1.39446e-25  5.85019e-24   -1.569e-20  1.53295e-21    5.625e-05 -1.19856e-35   2.3264e-34 -4.02037e-22  -1.0224e-21  2.09139e-22 -4.56758e-22 -6.97349e-35
-3.88666e-23 -2.75847e-23   -2.098e-20 -5.12685e-21 -1.19856e-35  1.40625e-27  1.27183e-30 -1.36289e-21 -1.31403e-21 -1.62696e-21 -8.41171e-22  -1.4982e-36
 5.04082e-19  6.14144e-19  7.39502e-17  6.36136e-17   2.3264e-34  1.27183e-30  4.01961e-22  2.50441e-17  2.23108e-17  1.82362e-17  5.20713e-18    2.908e-35
-3.70205e-10 -2.42372e-09 -1.18287e-07 -2.54235e-07 -4.02037e-22 -1.36289e-21  2.50441e-17    0.0325219 -3.34804e-07 -7.94236e-08  8.38624e-10 -5.02546e-23
-1.65594e-10 -7.15411e-10  -2.0019e-07  3.73504e-08  -1.0224e-21 -1.31403e-21  2.23108e-17 -3.34804e-07    0.0298196 -1.95532e-07  -4.8565e-08 -1.27799e-22
-3.93265e-10 -1.49645e-09 -5.03847e-08 -1.69506e-08  2.09139e-22 -1.62696e-21  1.82362e-17 -7.94236e-08 -1.95532e-07   0.00193588  8.53861e-10  2.61423e-23
-1.06366e-10  3.78533e-11 -1.06349e-07 -1.99198e-08 -4.56758e-22 -8.41171e-22  5.20713e-18  8.38624e-10  -4.8565e-08  8.53861e-10  0.000224989 -5.70947e-23
 1.74307e-26  7.31273e-25 -1.96125e-21  1.91619e-22 -6.97349e-35  -1.4982e-36    2.908e-35 -5.02546e-23 -1.27799e-22  2.61423e-23 -5.70947e-23  3.51563e-06
* row and column names
alpha_m
alpha_p
b_bc
n_p
pen_s
perm_m
perm_p
por_m
por_p
wr_p
z_bg
z_s
