    12    12     1
 4.68323e-07 -3.50964e-14 -5.21474e-10 -4.20131e-10            0 -2.25936e-23 -4.40545e-20  4.75277e-11 -2.47307e-10 -6.15315e-11 -7.13828e-12            0
-3.50964e-14  6.24998e-06   2.4682e-09 -4.70044e-09            0  1.82607e-23  5.58505e-19 -3.89898e-10  8.97051e-12 -8.67502e-11  1.67494e-10            0
-5.21474e-10   2.4682e-09       7.5625 -2.38917e-07            0 -3.53631e-20 -1.82371e-16 -3.95722e-07 -1.82118e-07  -8.4388e-08 -3.14292e-08            0
-4.20131e-10 -4.70044e-09 -2.38917e-07    0.0656612            0 -2.32868e-20  3.80551e-17 -3.96464e-07  -1.1865e-07  -1.0366e-07  2.47127e-08            0
           0            0            0            0    5.625e-05            0            0            0            0            0            0            0
-2.25936e-23  1.82607e-23 -3.53631e-20 -2.32868e-20            0  1.40625e-27 -2.75028e-30  -1.6895e-20  -5.2074e-21 -4.37019e-21    4.167e-22            0
-4.40545e-20  5.58505e-19 -1.82371e-16  3.80551e-17            0 -2.75028e-30  4.01935e-22 -1.44609e-18 -3.01204e-17 -1.44425e-17 -5.18013e-18            0
 4.75277e-11 -3.89898e-10 -3.95722e-07 -3.96464e-07            0  -1.6895e-20 -1.44609e-18    0.0325226  1.53178e-08 -3.97244e-08 -2.15508e-09            0
-2.47307e-10  8.97051e-12 -1.82118e-07  -1.1865e-07            0  -5.2074e-21 -3.01204e-17  1.53178e-08     0.029823 -1.79956e-07 -3.98411e-08            0
-6.15315e-11 -8.67502e-11  -8.4388e-08  -1.0366e-07            0 -4.37019e-21 -1.44425e-17 -3.97244e-08 -1.79956e-07    0.0019359  5.27138e-09            0
-7.13828e-12  1.67494e-10 -3.14292e-08  2.47127e-08            0    4.167e-22 -5.18013e-18 -2.15508e-09 -3.98411e-08  5.27138e-09  0.000224989            0
           0            0            0            0            0            0            0            0            0            0            0  3.51563e-06
* row and column names
alpha_m
alpha_p
b_bc
n_p
pen_s
perm_m
perm_p
por_m
por_p
wr_p
z_bg
z_s
