    12    12     1
 4.68257e-07  6.10315e-12 -8.18284e-10  8.38519e-10   2.4599e-24 -3.74772e-22  2.34698e-19  3.26271e-09  2.74876e-09  1.79323e-10  1.93639e-10  3.07487e-25
 6.10315e-12  6.24986e-06 -4.94516e-08 -2.50049e-09  4.57703e-24 -2.90232e-21  5.03566e-18  -2.7269e-09 -6.74601e-10  -6.2452e-11  -8.1867e-11  5.72128e-25
-8.18284e-10 -4.94516e-08      7.56247 -3.40234e-07 -1.40365e-20 -1.18668e-18  2.04676e-15  -1.4188e-06 -5.76015e-07 -2.91935e-08 -1.25916e-07 -1.75456e-21
 8.38519e-10 -2.50049e-09 -3.40234e-07    0.0656614  1.35756e-21 -1.43224e-20  1.86792e-17   -1.771e-07 -2.23824e-07  5.85277e-08  1.83202e-08  1.69695e-22
  2.4599e-24  4.57703e-24 -1.40365e-20  1.35756e-21    5.625e-05  1.62832e-34 -3.46802e-31 -1.43366e-21 -2.64575e-21  9.73172e-23 -4.79101e-22 -6.90406e-35
-3.74772e-22 -2.90232e-21 -1.18668e-18 -1.43224e-20  1.62832e-34  1.40617e-27  1.22756e-28 -2.67827e-20  3.68922e-20   6.9048e-22  7.46848e-22  2.03539e-35
 2.34698e-19  5.03566e-18  2.04676e-15  1.86792e-17 -3.46802e-31  1.22756e-28  4.01776e-22  8.35449e-17 -1.31486e-17  5.48211e-18 -3.59972e-19 -4.33503e-32
 3.26271e-09  -2.7269e-09  -1.4188e-06   -1.771e-07 -1.43366e-21 -2.67827e-20  8.35449e-17    0.0325202 -1.27359e-06 -5.64511e-08 -6.09403e-08 -1.79208e-22
 2.74876e-09 -6.74601e-10 -5.76015e-07 -2.23824e-07 -2.64575e-21  3.68922e-20 -1.31486e-17 -1.27359e-06    0.0298204 -2.40983e-07 -5.02229e-08 -3.30719e-22
 1.79323e-10  -6.2452e-11 -2.91935e-08  5.85277e-08  9.73172e-23   6.9048e-22  5.48211e-18 -5.64511e-08 -2.40983e-07   0.00193596  5.63118e-10  1.21646e-23
 1.93639e-10  -8.1867e-11 -1.25916e-07  1.83202e-08 -4.79101e-22  7.46848e-22 -3.59972e-19 -6.09403e-08 -5.02229e-08  5.63118e-10  0.000224991 -5.98877e-23
 3.07487e-25  5.72128e-25 -1.75456e-21  1.69695e-22 -6.90406e-35  2.03539e-35 -4.33503e-32 -1.79208e-22 -3.30719e-22  1.21646e-23 -5.98877e-23  3.51563e-06
* row and column names
alpha_m
alpha_p
b_bc
n_p
pen_s
perm_m
perm_p
por_m
por_p
wr_p
z_bg
z_s
