    12    12     1
 4.68296e-07 -8.41731e-12  -6.6911e-09 -8.98704e-10 -3.27668e-24 -1.93224e-22  4.34698e-19 -4.19972e-09  -2.5223e-09 -8.06839e-11 -1.20983e-10 -4.09585e-25
-8.41731e-12  6.24996e-06 -1.19487e-08 -3.01798e-09 -3.02248e-24 -1.87686e-22  8.49793e-19 -3.26904e-09 -2.60828e-09 -2.97753e-10 -2.57795e-10  -3.7781e-25
 -6.6911e-09 -1.19487e-08      7.56249 -7.75711e-07 -1.86998e-20 -1.10562e-19  5.06695e-16 -1.91824e-06 -9.31879e-07 -1.20215e-07 -2.41268e-07 -2.33748e-21
-8.98704e-10 -3.01798e-09 -7.75711e-07    0.0656615  2.05528e-22  -1.7483e-20  7.23437e-17  -3.3016e-07 -2.04379e-07  5.44219e-08 -7.40331e-09   2.5691e-23
-3.27668e-24 -3.02248e-24 -1.86998e-20  2.05528e-22    5.625e-05 -1.02923e-34   1.5426e-31 -1.10378e-21 -2.82444e-21  3.21062e-23 -5.24192e-22 -7.09027e-35
-1.93224e-22 -1.87686e-22 -1.10562e-19  -1.7483e-20 -1.02923e-34  1.40624e-27  6.68678e-30 -4.87631e-20 -3.70577e-20 -1.96691e-21 -2.75247e-21 -1.28654e-35
 4.34698e-19  8.49793e-19  5.06695e-16  7.23437e-17   1.5426e-31  6.68678e-30  4.01914e-22  9.09289e-17  4.28629e-17  1.11454e-17  1.15356e-17  1.92825e-32
-4.19972e-09 -3.26904e-09 -1.91824e-06  -3.3016e-07 -1.10378e-21 -4.87631e-20  9.09289e-17    0.0325201 -9.63013e-07 -2.26213e-08 -6.20326e-08 -1.37973e-22
 -2.5223e-09 -2.60828e-09 -9.31879e-07 -2.04379e-07 -2.82444e-21 -3.70577e-20  4.28629e-17 -9.63013e-07    0.0298207 -2.07669e-07 -3.28674e-08 -3.53055e-22
-8.06839e-11 -2.97753e-10 -1.20215e-07  5.44219e-08  3.21062e-23 -1.96691e-21  1.11454e-17 -2.26213e-08 -2.07669e-07   0.00193596 -8.52099e-10  4.01327e-24
-1.20983e-10 -2.57795e-10 -2.41268e-07 -7.40331e-09 -5.24192e-22 -2.75247e-21  1.15356e-17 -6.20326e-08 -3.28674e-08 -8.52099e-10  0.000224988 -6.55239e-23
-4.09585e-25  -3.7781e-25 -2.33748e-21   2.5691e-23 -7.09027e-35 -1.28654e-35  1.92825e-32 -1.37973e-22 -3.53055e-22  4.01327e-24 -6.55239e-23  3.51563e-06
* row and column names
alpha_m
alpha_p
b_bc
n_p
pen_s
perm_m
perm_p
por_m
por_p
wr_p
z_bg
z_s
