    12    12     1
 4.68231e-07  2.50587e-11  2.11965e-08  5.15267e-09  5.39215e-24  9.63202e-22 -2.67555e-18  6.91302e-09  7.56521e-09  6.30205e-10  4.14724e-10  6.74019e-25
 2.50587e-11  6.24998e-06 -6.57947e-09 -4.60372e-09  -9.8576e-25 -3.98447e-22  7.52408e-19 -2.41257e-09 -3.68748e-09 -5.30545e-10 -5.61091e-11  -1.2322e-25
 2.11965e-08 -6.57947e-09      7.56249  -8.7507e-07 -1.96562e-20 -3.23258e-19   7.2147e-16 -2.63495e-06  -2.7185e-06 -1.51137e-07 -2.60362e-07 -2.45703e-21
 5.15267e-09 -4.60372e-09  -8.7507e-07    0.0656609  1.30493e-21  -6.8189e-20  1.36798e-16  -4.2961e-07  -3.3082e-07 -1.49046e-08  2.94602e-09  1.63116e-22
 5.39215e-24  -9.8576e-25 -1.96562e-20  1.30493e-21    5.625e-05  2.52767e-35  2.30053e-31 -1.99297e-21  -2.4094e-21  2.04049e-23 -4.95539e-22  -7.0938e-35
 9.63202e-22 -3.98447e-22 -3.23258e-19  -6.8189e-20  2.52767e-35  1.40622e-27  3.10331e-29 -1.00133e-19  -6.7716e-20 -8.55207e-21   -5.399e-21  3.15959e-36
-2.67555e-18  7.52408e-19   7.2147e-16  1.36798e-16  2.30053e-31  3.10331e-29    4.019e-22  2.10217e-16  2.45075e-16  1.73954e-17  1.68625e-17  2.87567e-32
 6.91302e-09 -2.41257e-09 -2.63495e-06  -4.2961e-07 -1.99297e-21 -1.00133e-19  2.10217e-16    0.0325205 -9.21881e-07 -5.15901e-08 -5.94872e-08 -2.49121e-22
 7.56521e-09 -3.68748e-09  -2.7185e-06  -3.3082e-07  -2.4094e-21  -6.7716e-20  2.45075e-16 -9.21881e-07    0.0298204 -2.84946e-07 -5.07434e-08 -3.01175e-22
 6.30205e-10 -5.30545e-10 -1.51137e-07 -1.49046e-08  2.04049e-23 -8.55207e-21  1.73954e-17 -5.15901e-08 -2.84946e-07   0.00193594  3.33569e-10  2.55061e-24
 4.14724e-10 -5.61091e-11 -2.60362e-07  2.94602e-09 -4.95539e-22   -5.399e-21  1.68625e-17 -5.94872e-08 -5.07434e-08  3.33569e-10  0.000224988 -6.19424e-23
 6.74019e-25  -1.2322e-25 -2.45703e-21  1.63116e-22  -7.0938e-35  3.15959e-36  2.87567e-32 -2.49121e-22 -3.01175e-22  2.55061e-24 -6.19424e-23  3.51563e-06
* row and column names
alpha_m
alpha_p
b_bc
n_p
pen_s
perm_m
perm_p
por_m
por_p
wr_p
z_bg
z_s
