    12    12     1
 4.68287e-07  -6.1913e-12 -7.87275e-09 -2.05146e-10 -3.12823e-24 -3.53773e-22 -4.04692e-19 -6.60912e-10 -2.31162e-09 -6.11052e-10 -2.56002e-10 -3.91029e-25
 -6.1913e-12  6.24999e-06 -1.54985e-09 -1.67138e-09   2.3162e-24 -1.10427e-22 -1.64979e-19 -9.46957e-10 -1.53117e-09 -4.33734e-10  7.65629e-12  2.89525e-25
-7.87275e-09 -1.54985e-09      7.56249  1.37059e-07 -1.49975e-20  -1.8505e-19 -1.06816e-16  -7.0674e-07 -1.70206e-06 -1.38366e-07 -1.99559e-07 -1.87469e-21
-2.05146e-10 -1.67138e-09  1.37059e-07    0.0656614  8.18873e-22 -3.49322e-20  2.42793e-17  3.61987e-08  3.02013e-07   1.5408e-07   1.7348e-08  1.02359e-22
-3.12823e-24   2.3162e-24 -1.49975e-20  8.18873e-22    5.625e-05  5.01241e-35  1.23709e-31 -4.82881e-22 -2.81905e-21  1.57457e-22 -4.64759e-22 -6.95131e-35
-3.53773e-22 -1.10427e-22  -1.8505e-19 -3.49322e-20  5.01241e-35  1.40623e-27 -7.67388e-30 -4.48296e-20 -5.08349e-20 -5.38777e-21 -2.76138e-21  6.26552e-36
-4.04692e-19 -1.64979e-19 -1.06816e-16  2.42793e-17  1.23709e-31 -7.67388e-30  4.01976e-22 -4.33943e-17 -1.35721e-17 -1.65428e-17 -1.56785e-18  1.54637e-32
-6.60912e-10 -9.46957e-10  -7.0674e-07  3.61987e-08 -4.82881e-22 -4.48296e-20 -4.33943e-17    0.0325215 -6.36178e-07 -8.50469e-08  -2.1087e-08 -6.03601e-23
-2.31162e-09 -1.53117e-09 -1.70206e-06  3.02013e-07 -2.81905e-21 -5.08349e-20 -1.35721e-17 -6.36178e-07    0.0298211 -2.78672e-07 -5.25768e-08 -3.52381e-22
-6.11052e-10 -4.33734e-10 -1.38366e-07   1.5408e-07  1.57457e-22 -5.38777e-21 -1.65428e-17 -8.50469e-08 -2.78672e-07   0.00193591 -6.79484e-10  1.96822e-23
-2.56002e-10  7.65629e-12 -1.99559e-07   1.7348e-08 -4.64759e-22 -2.76138e-21 -1.56785e-18  -2.1087e-08 -5.25768e-08 -6.79484e-10  0.000224989 -5.80949e-23
-3.91029e-25  2.89525e-25 -1.87469e-21  1.02359e-22 -6.95131e-35  6.26552e-36  1.54637e-32 -6.03601e-23 -3.52381e-22  1.96822e-23 -5.80949e-23  3.51563e-06
* row and column names
alpha_m
alpha_p
b_bc
n_p
pen_s
perm_m
perm_p
por_m
por_p
wr_p
z_bg
z_s
