    12    12     1
 4.68282e-07  7.72371e-12  6.25188e-09 -8.78246e-11 -4.67933e-24  1.86367e-22 -4.87713e-19 -2.89453e-10    1.473e-09  9.67993e-11  5.67003e-12 -5.84916e-25
 7.72371e-12  6.24998e-06 -3.97468e-09 -2.31096e-09  1.38745e-24 -6.32845e-23  4.29546e-19 -1.95173e-09  -2.0029e-09 -1.32638e-10  -1.1551e-11  1.73432e-25
 6.25188e-09 -3.97468e-09      7.56249 -1.01061e-08 -1.61447e-20 -6.17795e-20  1.34831e-16 -1.50651e-07 -8.54146e-07  -7.1191e-08 -1.03982e-07 -2.01808e-21
-8.78246e-11 -2.31096e-09 -1.01061e-08    0.0656618  6.68161e-22 -6.66737e-22  6.48563e-17   -1.268e-07  8.07733e-08  6.36313e-08  9.31729e-09  8.35201e-23
-4.67933e-24  1.38745e-24 -1.61447e-20  6.68161e-22    5.625e-05 -4.10492e-35 -2.55927e-32 -1.22008e-21 -2.90267e-21  3.67263e-23 -5.33033e-22 -7.50527e-35
 1.86367e-22 -6.32845e-23 -6.17795e-20 -6.66737e-22 -4.10492e-35  1.40624e-27  4.27479e-30  3.83972e-21 -2.75819e-21  1.57302e-22 -1.41549e-21 -5.13116e-36
-4.87713e-19  4.29546e-19  1.34831e-16  6.48563e-17 -2.55927e-32  4.27479e-30  4.01947e-22  1.66313e-17  -2.9786e-17   7.8897e-18  2.04507e-18 -3.19909e-33
-2.89453e-10 -1.95173e-09 -1.50651e-07   -1.268e-07 -1.22008e-21  3.83972e-21  1.66313e-17    0.0325211 -5.68446e-07 -1.02202e-08 -2.54803e-08  -1.5251e-22
   1.473e-09  -2.0029e-09 -8.54146e-07  8.07733e-08 -2.90267e-21 -2.75819e-21  -2.9786e-17 -5.68446e-07    0.0298203 -2.19044e-07 -8.70505e-09 -3.62834e-22
 9.67993e-11 -1.32638e-10  -7.1191e-08  6.36313e-08  3.67263e-23  1.57302e-22   7.8897e-18 -1.02202e-08 -2.19044e-07   0.00193596  1.93385e-09  4.59079e-24
 5.67003e-12  -1.1551e-11 -1.03982e-07  9.31729e-09 -5.33033e-22 -1.41549e-21  2.04507e-18 -2.54803e-08 -8.70505e-09  1.93385e-09  0.000224992 -6.66291e-23
-5.84916e-25  1.73432e-25 -2.01808e-21  8.35201e-23 -7.50527e-35 -5.13116e-36 -3.19909e-33  -1.5251e-22 -3.62834e-22  4.59079e-24 -6.66291e-23  3.51563e-06
* row and column names
alpha_m
alpha_p
b_bc
n_p
pen_s
perm_m
perm_p
por_m
por_p
wr_p
z_bg
z_s
