    20    20     1
   0.0624993 -7.78496e-07 -1.96238e-08  3.53898e-08  -5.6369e-08 -3.03307e-07 -6.65595e-05  2.95356e-06  5.99703e-07 -4.12803e-06  2.96086e-17 -2.98976e-15 -3.57303e-09   1.1069e-07   7.0554e-08 -2.03329e-06  1.48289e-06  7.15371e-08 -4.81681e-07 -8.76312e-08
-7.78496e-07    0.0624984 -3.58062e-08 -1.19452e-07 -3.19441e-08 -6.36303e-07 -6.34572e-05  1.33232e-06  6.29913e-07 -9.91961e-06 -6.88734e-18 -4.03699e-15  1.76515e-07  2.18274e-07 -4.47278e-07  -2.8566e-06 -4.08861e-06  2.09803e-06 -1.10254e-06 -2.33913e-07
-1.96238e-08 -3.58062e-08  5.04916e-06  3.63991e-08 -1.04367e-08  9.25947e-08  8.05869e-06  3.92628e-07 -1.90386e-06  4.41001e-07  4.90497e-17 -1.01257e-15  3.35698e-07  5.60555e-08  -2.2295e-07 -1.05764e-06 -1.54617e-06  -1.3995e-06 -3.41239e-07  -3.0828e-08
 3.53898e-08 -1.19452e-07  3.63991e-08   0.00050593  8.35231e-08 -4.42856e-07 -4.04296e-05 -3.62924e-06  5.04528e-06 -6.20639e-06 -2.71071e-16  4.64777e-15 -8.75818e-07  4.81316e-07  6.93456e-07   4.1519e-06  4.46315e-06  6.24935e-06  8.77989e-07  1.00372e-07
 -5.6369e-08 -3.19441e-08 -1.04367e-08  8.35231e-08    0.0306249  2.00391e-08  3.35854e-06  4.15868e-07 -1.10859e-06  1.37108e-07  1.05112e-16 -2.06889e-15  1.69638e-07  1.64511e-10 -1.90187e-07 -1.11893e-06 -1.16574e-06  -1.0904e-06 -2.08731e-07 -1.97003e-08
-3.03307e-07 -6.36303e-07  9.25947e-08 -4.42856e-07  2.00391e-08    0.0306232 -0.000146778 -5.96887e-06  1.39569e-05  -1.2216e-05 -4.26065e-16   7.3925e-15 -3.01244e-06  2.59302e-07  1.86715e-06  1.04658e-05  1.25155e-05  1.85249e-05   2.7774e-06  1.44237e-07
-6.65595e-05 -6.34572e-05  8.05869e-06 -4.04296e-05  3.35854e-06 -0.000146778      30624.9 -0.000557984   0.00219564      -0.0014 -4.86735e-14  4.41279e-13 -0.000261248  6.13955e-05  0.000301944  0.000995706   0.00238006   0.00186578  0.000224867 -1.88594e-05
 2.95356e-06  1.33232e-06  3.92628e-07 -3.62924e-06  4.15868e-07 -5.96887e-06 -0.000557984       105625  0.000163742 -3.31019e-05  1.32696e-15  4.16988e-14 -1.15625e-05 -7.91325e-06  5.04321e-06   4.8476e-05  4.46484e-05  8.30664e-05  6.05396e-06 -8.82151e-07
 5.99703e-07  6.29913e-07 -1.90386e-06  5.04528e-06 -1.10859e-06  1.39569e-05   0.00219564  0.000163742     0.236881   7.8933e-05  6.11624e-16 -1.11176e-13  6.22388e-05   6.3112e-05 -2.71206e-05 -0.000123878 -0.000211198  -0.00020241 -8.48821e-06 -3.64111e-06
-4.12803e-06 -9.91961e-06  4.41001e-07 -6.20639e-06  1.37108e-07  -1.2216e-05      -0.0014 -3.31019e-05   7.8933e-05     0.237381 -4.50938e-15  3.75947e-14 -1.55215e-05  2.53093e-05  9.99563e-06  5.79374e-05   6.0347e-05  0.000123338  1.02018e-05  3.85418e-06
 2.96086e-17 -6.88734e-18  4.90497e-17 -2.71071e-16  1.05112e-16 -4.26065e-16 -4.86735e-14  1.32696e-15  6.11624e-16 -4.50938e-15  5.62751e-24  5.50269e-24 -1.07149e-15  1.17597e-15  1.08711e-15  4.85514e-15  7.03381e-15  6.75178e-15   1.4635e-15  1.31695e-16
-2.98976e-15 -4.03699e-15 -1.01257e-15  4.64777e-15 -2.06889e-15   7.3925e-15  4.41279e-13  4.16988e-14 -1.11176e-13  3.75947e-14  5.50269e-24   6.1114e-20  2.16002e-14 -9.06512e-16   -1.814e-14 -1.09917e-13 -1.25884e-13 -1.25025e-13 -2.66809e-14 -2.45383e-15
-3.57303e-09  1.76515e-07  3.35698e-07 -8.75818e-07  1.69638e-07 -3.01244e-06 -0.000261248 -1.15625e-05  6.22388e-05 -1.55215e-05 -1.07149e-15  2.16002e-14    0.0156119 -2.31312e-07  5.75761e-06  2.58747e-05  3.92215e-05  3.80423e-05  6.90777e-06  6.50569e-07
  1.1069e-07  2.18274e-07  5.60555e-08  4.81316e-07  1.64511e-10  2.59302e-07  6.13955e-05 -7.91325e-06   6.3112e-05  2.53093e-05  1.17597e-15 -9.06512e-16 -2.31312e-07    0.0263894 -2.19989e-07  -2.0971e-06 -1.05828e-06 -2.99976e-06 -2.01063e-06 -9.08407e-07
  7.0554e-08 -4.47278e-07  -2.2295e-07  6.93456e-07 -1.90187e-07  1.86715e-06  0.000301944  5.04321e-06 -2.71206e-05  9.99563e-06  1.08711e-15   -1.814e-14  5.75761e-06 -2.19989e-07    0.0624948 -2.03115e-05 -3.64451e-05 -2.79549e-05  -6.5979e-06 -4.05271e-07
-2.03329e-06  -2.8566e-06 -1.05764e-06   4.1519e-06 -1.11893e-06  1.04658e-05  0.000995706   4.8476e-05 -0.000123878  5.79374e-05  4.85514e-15 -1.09917e-13  2.58747e-05  -2.0971e-06 -2.03115e-05    0.0599083 -0.000139115 -0.000150818 -3.01796e-05 -2.31051e-06
 1.48289e-06 -4.08861e-06 -1.54617e-06  4.46315e-06 -1.16574e-06  1.25155e-05   0.00238006  4.46484e-05 -0.000211198   6.0347e-05  7.03381e-15 -1.25884e-13  3.92215e-05 -1.05828e-06 -3.64451e-05 -0.000139115     0.202207 -0.000190753 -4.64591e-05 -2.63825e-06
 7.15371e-08  2.09803e-06  -1.3995e-06  6.24935e-06  -1.0904e-06  1.85249e-05   0.00186578  8.30664e-05  -0.00020241  0.000123338  6.75178e-15 -1.25025e-13  3.80423e-05 -2.99976e-06 -2.79549e-05 -0.000150818 -0.000190753      0.10538 -4.06536e-05 -2.33877e-06
-4.81681e-07 -1.10254e-06 -3.41239e-07  8.77989e-07 -2.08731e-07   2.7774e-06  0.000224867  6.05396e-06 -8.48821e-06  1.02018e-05   1.4635e-15 -2.66809e-14  6.90777e-06 -2.01063e-06  -6.5979e-06 -3.01796e-05 -4.64591e-05 -4.06536e-05   0.00764051 -7.47121e-07
-8.76312e-08 -2.33913e-07  -3.0828e-08  1.00372e-07 -1.97003e-08  1.44237e-07 -1.88594e-05 -8.82151e-07 -3.64111e-06  3.85418e-06  1.31695e-16 -2.45383e-15  6.50569e-07 -9.08407e-07 -4.05271e-07 -2.31051e-06 -2.63825e-06 -2.33877e-06 -7.47121e-07   0.00765505
* row and column names
af_m
af_p
alpha_m
alpha_p
auf_m
auf_p
den_m
den_p
n_m
n_p
perm_m
perm_p
por_m
por_p
tcd_m
tcd_p
tcs_m
tcs_p
wr_m
wr_p
