    20    20     1
   0.0624993 -5.62996e-07 -9.57979e-09 -9.04371e-08  -5.6755e-08 -1.31092e-07 -6.27843e-05 -8.86701e-05  1.33193e-06 -4.07328e-06 -1.26766e-16  6.54975e-16  1.35726e-07  1.00155e-07  4.31644e-07 -6.39865e-07  1.72563e-06  9.26076e-07 -4.46512e-07 -8.64135e-08
-5.62996e-07    0.0624989  9.88921e-09 -2.40544e-07 -7.60315e-08 -6.35548e-07 -0.000109201 -0.000112224  5.53416e-06 -9.57949e-06 -1.64218e-16 -1.61626e-16 -6.09832e-07  1.21311e-07  6.17596e-07  1.07483e-06  1.67625e-06  6.71978e-06  1.27733e-07 -1.39142e-07
-9.57979e-09  9.88921e-09  5.05404e-06  8.43787e-09  7.56329e-10  8.46416e-08  1.14363e-05 -4.24222e-06  -1.7128e-06  4.21919e-07 -2.53096e-18  1.78985e-16  2.86509e-07  8.13528e-08 -1.26197e-07 -3.54366e-07 -1.22539e-06 -9.30034e-07 -2.56042e-07 -1.37173e-08
-9.04371e-08 -2.40544e-07  8.43787e-09  0.000506085 -9.77432e-09 -2.11043e-07 -4.16393e-05 -1.67589e-05  1.86711e-06 -5.25986e-06 -6.80182e-17  2.21482e-16 -2.52705e-07  4.54002e-07  2.23059e-07  1.08157e-06  1.32068e-06  2.64437e-06  1.16527e-07  3.32934e-08
 -5.6755e-08 -7.60315e-08  7.56329e-10 -9.77432e-09     0.030625 -8.10517e-08 -7.66191e-06 -3.54652e-05  5.44359e-07 -8.80017e-07  5.86545e-18 -6.72761e-16 -8.21394e-08 -2.44217e-08  2.43576e-08 -6.02141e-08 -1.76915e-07  2.80103e-07 -3.65216e-08 -7.38773e-09
-1.31092e-07 -6.35548e-07  8.46416e-08 -2.11043e-07 -8.10517e-08     0.030623 -0.000272546  9.07568e-05  1.62921e-05 -1.20938e-05   1.2322e-17 -3.92048e-15 -3.61185e-06 -1.77112e-07  1.72124e-06  5.86253e-06   1.4797e-05  1.65703e-05  2.97921e-06  6.61042e-08
-6.27843e-05 -0.000109201  1.14363e-05 -4.16393e-05 -7.66191e-06 -0.000272546      30624.9    0.0182921   0.00324168  -0.00187296  3.45325e-16 -7.41818e-13 -0.000470153  1.25321e-05  0.000336795  0.000915406    0.0031728    0.0023917  0.000378013 -4.04447e-06
-8.86701e-05 -0.000112224 -4.24222e-06 -1.67589e-05 -3.54652e-05  9.07568e-05    0.0182921       105625 -2.98235e-05  -0.00102519 -1.01036e-14 -2.87686e-13  0.000154051 -2.53505e-06 -7.31855e-05  -0.00102497  -0.00139306 -0.000997283 -0.000265293 -4.75122e-06
 1.33193e-06  5.53416e-06  -1.7128e-06  1.86711e-06  5.44359e-07  1.62921e-05   0.00324168 -2.98235e-05     0.236799  8.24435e-05 -6.15256e-15   3.8457e-14  6.72819e-05  7.22408e-05  -2.1657e-05 -6.04163e-05 -0.000219734 -0.000174852 -6.11682e-06 -2.09621e-06
-4.07328e-06 -9.57949e-06  4.21919e-07 -5.25986e-06 -8.80017e-07 -1.20938e-05  -0.00187296  -0.00102519  8.24435e-05     0.237355 -2.70972e-15 -1.49456e-14 -1.65814e-05  2.67623e-05  1.00439e-05  2.92253e-05  6.25259e-05  0.000109906  1.02781e-05  4.80728e-06
-1.26766e-16 -1.64218e-16 -2.53096e-18 -6.80182e-17  5.86545e-18   1.2322e-17  3.45325e-16 -1.01036e-14 -6.15256e-15 -2.70972e-15  5.88293e-24  7.30884e-25  2.02978e-16  1.23422e-15  1.70848e-16  1.61877e-16  6.43997e-16   9.2967e-16  1.53241e-16  1.06515e-17
 6.54975e-16 -1.61626e-16  1.78985e-16  2.21482e-16 -6.72761e-16 -3.92048e-15 -7.41818e-13 -2.87686e-13   3.8457e-14 -1.49456e-14  7.30884e-25  6.12075e-20 -8.73855e-15 -1.27425e-15  3.58207e-15  7.33405e-15  3.34452e-14  2.23004e-14  7.27086e-15  2.65708e-16
 1.35726e-07 -6.09832e-07  2.86509e-07 -2.52705e-07 -8.21394e-08 -3.61185e-06 -0.000470153  0.000154051  6.72819e-05 -1.65814e-05  2.02978e-16 -8.73855e-15    0.0156106 -1.28615e-06  4.69809e-06  1.23767e-05  4.22679e-05  3.37178e-05  7.32464e-06  3.61447e-07
 1.00155e-07  1.21311e-07  8.13528e-08  4.54002e-07 -2.44217e-08 -1.77112e-07  1.25321e-05 -2.53505e-06  7.22408e-05  2.67623e-05  1.23422e-15 -1.27425e-15 -1.28615e-06    0.0263885  1.82302e-07 -2.51936e-09  2.77472e-06  1.76905e-07 -1.46667e-06 -1.30331e-06
 4.31644e-07  6.17596e-07 -1.26197e-07  2.23059e-07  2.43576e-08  1.72124e-06  0.000336795 -7.31855e-05  -2.1657e-05  1.00439e-05  1.70848e-16  3.58207e-15  4.69809e-06  1.82302e-07    0.0624967  -6.3264e-06 -2.87946e-05 -1.84703e-05  -4.8533e-06 -9.02702e-08
-6.39865e-07  1.07483e-06 -3.54366e-07  1.08157e-06 -6.02141e-08  5.86253e-06  0.000915406  -0.00102497 -6.04163e-05  2.92253e-05  1.61877e-16  7.33405e-15  1.23767e-05 -2.51936e-09  -6.3264e-06    0.0599936 -5.92021e-05 -6.54377e-05  -1.2455e-05  -5.1371e-07
 1.72563e-06  1.67625e-06 -1.22539e-06  1.32068e-06 -1.76915e-07   1.4797e-05    0.0031728  -0.00139306 -0.000219734  6.25259e-05  6.43997e-16  3.34452e-14  4.22679e-05  2.77472e-06 -2.87946e-05 -5.92021e-05     0.202201  -0.00015742 -4.62418e-05  -1.1713e-06
 9.26076e-07  6.71978e-06 -9.30034e-07  2.64437e-06  2.80103e-07  1.65703e-05    0.0023917 -0.000997283 -0.000174852  0.000109906   9.2967e-16  2.23004e-14  3.37178e-05  1.76905e-07 -1.84703e-05 -6.54377e-05  -0.00015742     0.105438 -3.33157e-05 -6.84932e-07
-4.46512e-07  1.27733e-07 -2.56042e-07  1.16527e-07 -3.65216e-08  2.97921e-06  0.000378013 -0.000265293 -6.11682e-06  1.02781e-05  1.53241e-16  7.27086e-15  7.32464e-06 -1.46667e-06  -4.8533e-06  -1.2455e-05 -4.62418e-05 -3.33157e-05   0.00764048 -3.80872e-07
-8.64135e-08 -1.39142e-07 -1.37173e-08  3.32934e-08 -7.38773e-09  6.61042e-08 -4.04447e-06 -4.75122e-06 -2.09621e-06  4.80728e-06  1.06515e-17  2.65708e-16  3.61447e-07 -1.30331e-06 -9.02702e-08  -5.1371e-07  -1.1713e-06 -6.84932e-07 -3.80872e-07   0.00765504
* row and column names
af_m
af_p
alpha_m
alpha_p
auf_m
auf_p
den_m
den_p
n_m
n_p
perm_m
perm_p
por_m
por_p
tcd_m
tcd_p
tcs_m
tcs_p
wr_m
wr_p
