    20    20     1
    0.316149 -1.08587e-31 -2.83798e-35 -1.55513e-34 -1.14406e-32 -7.57248e-33 -2.61176e-15 -2.78359e-15 -1.29393e-31 -1.29393e-31 -1.55513e-45  -8.3147e-43 -7.48066e-33  -1.0434e-32 -1.61145e-32 -1.57105e-33 -1.55858e-32 -6.83599e-33 -2.48025e-33 -3.48853e-33
-1.08587e-31     0.318567 -1.22136e-34 -6.69268e-34 -4.92358e-32  -3.2589e-32 -1.12725e-14 -1.20141e-14  -7.7536e-32  -7.7536e-32 -6.69268e-45 -3.57832e-42 -3.21938e-32  -4.4904e-32 -6.93506e-32 -6.76117e-33 -6.70751e-32 -2.94194e-32  -1.0674e-32 -1.50133e-32
-2.83798e-35 -1.22136e-34  4.68325e-07 -2.32403e-36 -1.70971e-34 -1.13165e-34  -5.8587e-18 -6.24414e-18  -2.3432e-35  -2.3432e-35 -2.32403e-47 -1.24257e-44 -1.11793e-34 -1.55929e-34  -2.4082e-34 -2.34781e-35 -2.32918e-34 -1.02159e-34 -3.70655e-35 -5.21336e-35
-1.55513e-34 -6.69268e-34 -2.32403e-36  1.40625e-05 -9.36873e-34 -6.20113e-34  -3.2104e-17 -3.42161e-17   -1.284e-34   -1.284e-34  -1.2735e-46 -6.80893e-44 -6.12593e-34 -8.54446e-34 -1.31962e-33 -1.28653e-34 -1.27632e-33 -5.59801e-34 -2.03108e-34 -2.85677e-34
-1.14406e-32 -4.92358e-32 -1.70971e-34 -9.36873e-34    0.0686867 -4.56197e-32 -2.36178e-15 -2.51716e-15   -9.446e-33   -9.446e-33 -9.36873e-45 -5.00911e-42 -4.50665e-32 -6.28588e-32 -9.70803e-32 -9.46461e-33 -9.38949e-32 -4.11828e-32  -1.4942e-32 -2.10163e-32
-7.57248e-33  -3.2589e-32 -1.13165e-34 -6.20113e-34 -4.56197e-32     0.033343 -1.56326e-15  -1.6661e-15 -6.25227e-33 -6.25227e-33 -6.20113e-45 -3.31551e-42 -2.98293e-32  -4.1606e-32 -6.42571e-32 -6.26459e-33 -6.21487e-32 -2.72587e-32 -9.89006e-33 -1.39106e-32
-2.61176e-15 -1.12725e-14  -5.8587e-18  -3.2104e-17 -2.36178e-15 -1.56326e-15       225088     -572.052 -2.14014e-15 -2.14014e-15  -3.2104e-28 -1.71648e-25  -1.5443e-15 -2.15399e-15 -3.32666e-15 -3.24325e-16 -3.21751e-15 -1.41122e-15  -5.1202e-16 -7.20169e-16
-2.78359e-15 -1.20141e-14 -6.24414e-18 -3.42161e-17 -2.51716e-15  -1.6661e-15     -572.052       113297 -2.28094e-15 -2.28094e-15 -3.42161e-28  -1.8294e-25  -1.6459e-15  -2.2957e-15 -3.54552e-15 -3.45662e-16 -3.42919e-15 -1.50406e-15 -5.45705e-16 -7.67549e-16
-1.29393e-31  -7.7536e-32  -2.3432e-35   -1.284e-34   -9.446e-33 -6.25227e-33 -2.14014e-15 -2.28094e-15     0.262656 -8.21071e-32   -1.284e-45 -6.86508e-43 -6.17645e-33 -8.61492e-33 -1.33051e-32 -1.29714e-33 -1.28685e-32 -5.64418e-33 -2.04783e-33 -2.88033e-33
-1.29393e-31  -7.7536e-32  -2.3432e-35   -1.284e-34   -9.446e-33 -6.25227e-33 -2.14014e-15 -2.28094e-15 -8.21071e-32     0.262656   -1.284e-45 -6.86508e-43 -6.17645e-33 -8.61492e-33 -1.33051e-32 -1.29714e-33 -1.28685e-32 -5.64418e-33 -2.04783e-33 -2.88033e-33
-1.55513e-45 -6.69268e-45 -2.32403e-47  -1.2735e-46 -9.36873e-45 -6.20113e-45  -3.2104e-28 -3.42161e-28   -1.284e-45   -1.284e-45  1.40625e-27 -6.80893e-55 -6.12593e-45 -8.54446e-45 -1.31962e-44 -1.28653e-45 -1.27632e-44 -5.59801e-45 -2.03108e-45 -2.85677e-45
 -8.3147e-43 -3.57832e-42 -1.24257e-44 -6.80893e-44 -5.00911e-42 -3.31551e-42 -1.71648e-25  -1.8294e-25 -6.86508e-43 -6.86508e-43 -6.80893e-55  4.01996e-22  -3.2753e-42  -4.5684e-42 -7.05552e-42 -6.87861e-43 -6.82402e-42 -2.99305e-42 -1.08594e-42 -1.52741e-42
-7.48066e-33 -3.21938e-32 -1.11793e-34 -6.12593e-34 -4.50665e-32 -2.98293e-32  -1.5443e-15  -1.6459e-15 -6.17645e-33 -6.17645e-33 -6.12593e-45  -3.2753e-42    0.0325393 -4.11015e-32 -6.34779e-32 -6.18863e-33 -6.13951e-32 -2.69282e-32 -9.77013e-33 -1.37419e-32
 -1.0434e-32  -4.4904e-32 -1.55929e-34 -8.54446e-34 -6.28588e-32  -4.1606e-32 -2.15399e-15  -2.2957e-15 -8.61492e-33 -8.61492e-33 -8.54446e-45  -4.5684e-42 -4.11015e-32     0.057132  -8.8539e-32  -8.6319e-33 -8.56339e-32 -3.75594e-32 -1.36274e-32 -1.91673e-32
-1.61145e-32 -6.93506e-32  -2.4082e-34 -1.31962e-33 -9.70803e-32 -6.42571e-32 -3.32666e-15 -3.54552e-15 -1.33051e-32 -1.33051e-32 -1.31962e-44 -7.05552e-42 -6.34779e-32  -8.8539e-32     0.136273 -1.33313e-32 -1.32255e-31 -5.80075e-32 -2.10464e-32 -2.96023e-32
-1.57105e-33 -6.76117e-33 -2.34781e-35 -1.28653e-34 -9.46461e-33 -6.26459e-33 -3.24325e-16 -3.45662e-16 -1.29714e-33 -1.29714e-33 -1.28653e-45 -6.87861e-43 -6.18863e-33  -8.6319e-33 -1.33313e-32   0.00143518 -1.28939e-32  -5.6553e-33 -2.05187e-33 -2.88601e-33
-1.55858e-32 -6.70751e-32 -2.32918e-34 -1.27632e-33 -9.38949e-32 -6.21487e-32 -3.21751e-15 -3.42919e-15 -1.28685e-32 -1.28685e-32 -1.27632e-44 -6.82402e-42 -6.13951e-32 -8.56339e-32 -1.32255e-31 -1.28939e-32     0.127477 -5.61042e-32 -2.03558e-32  -2.8631e-32
-6.83599e-33 -2.94194e-32 -1.02159e-34 -5.59801e-34 -4.11828e-32 -2.72587e-32 -1.41122e-15 -1.50406e-15 -5.64418e-33 -5.64418e-33 -5.59801e-45 -2.99305e-42 -2.69282e-32 -3.75594e-32 -5.80075e-32  -5.6553e-33 -5.61042e-32    0.0271726 -8.92816e-33 -1.25577e-32
-2.48025e-33  -1.0674e-32 -3.70655e-35 -2.03108e-34  -1.4942e-32 -9.89006e-33  -5.1202e-16 -5.45705e-16 -2.04783e-33 -2.04783e-33 -2.03108e-45 -1.08594e-42 -9.77013e-33 -1.36274e-32 -2.10464e-32 -2.05187e-33 -2.03558e-32 -8.92816e-33     0.003577 -4.55621e-33
-3.48853e-33 -1.50133e-32 -5.21336e-35 -2.85677e-34 -2.10163e-32 -1.39106e-32 -7.20169e-16 -7.67549e-16 -2.88033e-33 -2.88033e-33 -2.85677e-45 -1.52741e-42 -1.37419e-32 -1.91673e-32 -2.96023e-32 -2.88601e-33  -2.8631e-32 -1.25577e-32 -4.55621e-33   0.00707644
* row and column names
af_m
af_p
alpha_m
alpha_p
auf_m
auf_p
den_m
den_p
n_m
n_p
perm_m
perm_p
por_m
por_p
tcd_m
tcd_p
tcs_m
tcs_p
wr_m
wr_p
