    21    21     1
    0.316148 -4.45894e-07 -3.18286e-10  8.25619e-10 -7.30277e-10  2.73135e-07  1.38558e-07   0.00701721   0.00728713 -1.92522e-07  2.80516e-07  2.28116e-21  5.17579e-18   3.1233e-07  4.04009e-08 -1.43044e-08 -2.56687e-08  1.18673e-06 -5.52922e-07  -4.3225e-08 -8.05764e-08
-4.45894e-07     0.318561  5.24435e-10 -1.33914e-08  8.87886e-09 -9.36122e-07  1.53906e-06    0.0728312    0.0781992  1.28118e-06 -4.11224e-06  1.45989e-20  2.33815e-17 -6.43568e-07  1.06004e-07  -7.6287e-07  7.54696e-08  4.90529e-07  1.16512e-06 -7.72725e-10  1.67403e-07
-3.18286e-10  5.24435e-10   4.6832e-07 -1.49779e-11 -1.22931e-12  5.67326e-10  3.31595e-10  1.69977e-05  1.80447e-05 -9.94617e-09 -4.46961e-09 -2.83121e-24 -3.86463e-22  2.79178e-09  1.37546e-09  1.58975e-10 -6.25694e-11  4.18724e-10 -1.03186e-09  -1.9802e-10 -1.05011e-10
 8.25619e-10 -1.33914e-08 -1.49779e-11  1.40613e-05  1.13474e-10 -4.47194e-09  3.83569e-09  0.000176228  0.000194536 -3.02315e-08 -2.15079e-07  1.93983e-22  6.35759e-20 -7.05211e-09  7.87876e-08  1.63315e-09  4.18474e-10 -1.12182e-08   9.0822e-09  -9.1847e-10  1.44006e-08
-7.30277e-10  8.87886e-09 -1.22931e-12  1.13474e-10    0.0686867  2.84452e-09 -6.66394e-09 -0.000345654 -0.000377672  -3.6233e-09  2.34743e-08 -7.51479e-22  8.82046e-19  2.41759e-09 -1.66589e-09 -1.28499e-08 -7.60143e-10  2.78511e-09 -1.30012e-08 -1.51436e-10   -1.109e-09
 2.73135e-07 -9.36122e-07  5.67326e-10 -4.47194e-09  2.84452e-09    0.0333422  8.48972e-09  -0.00024782  0.000382888  5.84677e-07 -1.40572e-06  1.07993e-21  2.63783e-19 -1.14597e-06 -8.59764e-08  8.18637e-08  6.11525e-08 -1.20811e-06  1.12974e-06  7.63306e-08  1.70468e-07
 1.38558e-07  1.53906e-06  3.31595e-10  3.83569e-09 -6.66394e-09  8.48972e-09       7.5625    -0.102369    -0.109062  5.85726e-07  1.16002e-06 -5.44331e-21 -6.02341e-18 -3.62686e-08  -1.0077e-07  5.01077e-08 -5.45643e-09 -1.52759e-07  1.18379e-07  2.99755e-08  1.14426e-08
  0.00701721    0.0728312  1.69977e-05  0.000176228 -0.000345654  -0.00024782    -0.102369       220801     -5139.74    0.0293354    0.0558097  -1.6779e-16 -2.74462e-13  -0.00268798  -0.00423927   0.00273763 -0.000214842  -0.00740459   0.00712569   0.00144918  0.000758397
  0.00728713    0.0781992  1.80447e-05  0.000194536 -0.000377672  0.000382888    -0.109062     -5139.74       108430    0.0315042    0.0611908 -1.78683e-16  -2.9063e-13  -0.00206377  -0.00451599   0.00244908 -0.000282058  -0.00685712    0.0065175   0.00153426   0.00066562
-1.92522e-07  1.28118e-06 -9.94617e-09 -3.02315e-08  -3.6233e-09  5.84677e-07  5.85726e-07    0.0293354    0.0315042     0.262633  -8.5007e-06 -1.28111e-20 -2.30662e-18   5.2829e-06  2.54786e-06  7.50779e-07 -6.48205e-08  4.77613e-08 -1.48255e-06 -7.85278e-08  4.10793e-08
 2.80516e-07 -4.11224e-06 -4.46961e-09 -2.15079e-07  2.34743e-08 -1.40572e-06  1.16002e-06    0.0558097    0.0611908  -8.5007e-06     0.262604  3.45685e-20 -2.22666e-18 -9.42423e-07  1.75607e-05  6.98429e-08  1.09015e-07 -2.86021e-06  1.95125e-06 -2.71338e-07   3.4273e-06
 2.28116e-21  1.45989e-20 -2.83121e-24  1.93983e-22 -7.51479e-22  1.07993e-21 -5.44331e-21  -1.6779e-16 -1.78683e-16 -1.28111e-20  3.45685e-20  1.40625e-27  -7.2364e-32  5.80825e-21 -1.26991e-20  1.32487e-21 -1.19105e-22 -4.59662e-21 -1.27856e-21  3.82774e-22 -2.30347e-21
 5.17579e-18  2.33815e-17 -3.86463e-22  6.35759e-20  8.82046e-19  2.63783e-19 -6.02341e-18 -2.74462e-13  -2.9063e-13 -2.30662e-18 -2.22666e-18  -7.2364e-32  4.01995e-22  1.07069e-18  5.37047e-18   4.6553e-18  1.06373e-19 -1.22902e-17  3.33025e-18  4.23696e-19  1.71072e-18
  3.1233e-07 -6.43568e-07  2.79178e-09 -7.05211e-09  2.41759e-09 -1.14597e-06 -3.62686e-08  -0.00268798  -0.00206377   5.2829e-06 -9.42423e-07  5.80825e-21  1.07069e-18    0.0325324 -1.62578e-07  3.81811e-07  7.49655e-08 -1.41786e-06  1.12339e-06 -6.00165e-07   2.3983e-07
 4.04009e-08  1.06004e-07  1.37546e-09  7.87876e-08 -1.66589e-09 -8.59764e-08  -1.0077e-07  -0.00423927  -0.00451599  2.54786e-06  1.75607e-05 -1.26991e-20  5.37047e-18 -1.62578e-07    0.0571155  3.52545e-08  6.53874e-09  1.30257e-08  9.31357e-08  1.16974e-07 -4.41387e-06
-1.43044e-08  -7.6287e-07  1.58975e-10  1.63315e-09 -1.28499e-08  8.18637e-08  5.01077e-08   0.00273763   0.00244908  7.50779e-07  6.98429e-08  1.32487e-21   4.6553e-18  3.81811e-07  3.52545e-08     0.136272 -1.06497e-08  3.22741e-07 -1.96287e-07 -7.48976e-09 -1.83518e-08
-2.56687e-08  7.54696e-08 -6.25694e-11  4.18474e-10 -7.60143e-10  6.11525e-08 -5.45643e-09 -0.000214842 -0.000282058 -6.48205e-08  1.09015e-07 -1.19105e-22  1.06373e-19  7.49655e-08  6.53874e-09 -1.06497e-08   0.00143517  1.02015e-07 -1.04277e-07 -7.00521e-09 -1.61051e-08
 1.18673e-06  4.90529e-07  4.18724e-10 -1.12182e-08  2.78511e-09 -1.20811e-06 -1.52759e-07  -0.00740459  -0.00685712  4.77613e-08 -2.86021e-06 -4.59662e-21 -1.22902e-17 -1.41786e-06  1.30257e-08  3.22741e-07  1.02015e-07     0.127473  2.26166e-06  1.02711e-07  2.85628e-07
-5.52922e-07  1.16512e-06 -1.03186e-09   9.0822e-09 -1.30012e-08  1.12974e-06  1.18379e-07   0.00712569    0.0065175 -1.48255e-06  1.95125e-06 -1.27856e-21  3.33025e-18  1.12339e-06  9.31357e-08 -1.96287e-07 -1.04277e-07  2.26166e-06    0.0271702 -1.03533e-07 -3.10154e-07
 -4.3225e-08 -7.72725e-10  -1.9802e-10  -9.1847e-10 -1.51436e-10  7.63306e-08  2.99755e-08   0.00144918   0.00153426 -7.85278e-08 -2.71338e-07  3.82774e-22  4.23696e-19 -6.00165e-07  1.16974e-07 -7.48976e-09 -7.00521e-09  1.02711e-07 -1.03533e-07    0.0035767  -8.4401e-09
-8.05764e-08  1.67403e-07 -1.05011e-10  1.44006e-08   -1.109e-09  1.70468e-07  1.14426e-08  0.000758397   0.00066562  4.10793e-08   3.4273e-06 -2.30347e-21  1.71072e-18   2.3983e-07 -4.41387e-06 -1.83518e-08 -1.61051e-08  2.85628e-07 -3.10154e-07  -8.4401e-09   0.00707509
* row and column names
af_m
af_p
alpha_m
alpha_p
auf_m
auf_p
b_bc
den_m
den_p
n_m
n_p
perm_m
perm_p
por_m
por_p
tcd_m
tcd_p
tcs_m
tcs_p
wr_m
wr_p
