    21    21     1
    0.316148 -9.32474e-08 -2.65017e-11  9.26528e-11 -6.15501e-10  2.25747e-07 -3.60282e-08  7.78381e-05 -2.06586e-05  1.64093e-07  1.86356e-07  8.20214e-23  -3.8293e-20  2.57444e-07  5.63789e-10 -1.15651e-08 -2.02282e-08  8.09922e-07 -3.25266e-07 -1.71617e-08 -6.08275e-08
-9.32474e-08     0.318567  2.22196e-10 -1.02317e-11  -5.4426e-09  -9.4971e-08 -3.57258e-08  -6.7083e-05 -3.00358e-05  4.72296e-07  1.29382e-07 -3.79291e-22  -1.1329e-20 -2.26036e-09 -6.49348e-09 -1.25992e-07  9.28128e-09  1.42432e-07  1.83241e-07  1.06045e-08  2.63423e-08
-2.65017e-11  2.22196e-10  4.68321e-07 -7.74951e-13  1.59473e-12  2.53212e-10  2.63343e-11 -4.23094e-08  3.13174e-08  -6.2988e-09 -5.25534e-10 -2.64267e-24 -4.62995e-22  1.51014e-09  4.15351e-10  3.05306e-10 -4.73346e-11 -1.35753e-10 -6.69681e-10 -1.05713e-10  -1.3966e-11
 9.26528e-11 -1.02317e-11 -7.74951e-13  1.40625e-05 -2.06465e-11 -1.69635e-10 -5.39548e-12 -2.67359e-07  1.29154e-08 -1.12192e-09 -4.91304e-09   6.9366e-24 -1.73071e-21 -4.03718e-10   4.8918e-09  1.19014e-10 -2.97512e-12 -8.25611e-10  1.51355e-10 -5.84918e-11  1.37975e-09
-6.15501e-10  -5.4426e-09  1.59473e-12 -2.06465e-11    0.0686867 -3.47536e-09 -1.45794e-09 -5.75659e-07 -2.26756e-06  9.39245e-09 -1.35627e-09 -2.14762e-22  -1.0314e-19 -1.14244e-09 -1.13749e-09 -8.39219e-09  1.49631e-10 -8.96794e-09  6.19352e-09  2.46599e-10  7.94265e-10
 2.25747e-07  -9.4971e-08  2.53212e-10 -1.69635e-10 -3.47536e-09    0.0333423  1.54516e-08 -0.000540761 -1.36371e-05  1.92958e-07 -1.80676e-07 -8.72367e-22 -4.33481e-19 -7.09037e-07  -5.3989e-08  6.11331e-08  5.72797e-08 -1.29489e-06  1.00865e-06  2.62491e-08  1.72051e-07
-3.60282e-08 -3.57258e-08  2.63343e-11 -5.39548e-12 -1.45794e-09  1.54516e-08       7.5625  1.88883e-05 -8.03198e-06  6.98371e-08   3.1383e-08 -1.12707e-22 -5.01734e-20  3.58103e-08  1.79804e-09 -3.03095e-08 -1.57327e-09  7.30568e-08 -2.56666e-08  2.02241e-09 -4.71265e-09
 7.78381e-05  -6.7083e-05 -4.23094e-08 -2.67359e-07 -5.75659e-07 -0.000540761  1.88883e-05       225624  -0.00997514 -0.000240197 -0.000214912 -3.05355e-19 -4.50394e-16 -0.000508553 -1.72393e-05  0.000276345  4.19364e-05   -0.0007975  0.000754859 -1.05779e-05  0.000137014
-2.06586e-05 -3.00358e-05  3.13174e-08  1.29154e-08 -2.26756e-06 -1.36371e-05 -8.03198e-06  -0.00997514       113906  7.45809e-05  3.18832e-05 -9.46357e-19 -1.21232e-16  2.19876e-05 -1.51142e-05 -3.15805e-05  6.73136e-07   3.8887e-05   2.2367e-05   1.7126e-06 -2.60796e-06
 1.64093e-07  4.72296e-07  -6.2988e-09 -1.12192e-09  9.39245e-09  1.92958e-07  6.98371e-08 -0.000240197  7.45809e-05     0.262642 -9.50037e-07 -9.06184e-21 -4.41432e-19  2.73203e-06   6.1585e-07  8.38342e-07  -4.9502e-08 -7.65077e-07 -1.28126e-06 -1.34375e-07   3.9969e-08
 1.86356e-07  1.29382e-07 -5.25534e-10 -4.91304e-09 -1.35627e-09 -1.80676e-07   3.1383e-08 -0.000214912  3.18832e-05 -9.50037e-07     0.262653  4.88751e-21 -1.10274e-18 -3.56792e-07  3.09142e-06  1.55322e-07  1.01156e-08  -8.0967e-07  1.73462e-07  -3.6495e-08  9.08944e-07
 8.20214e-23 -3.79291e-22 -2.64267e-24   6.9366e-24 -2.14762e-22 -8.72367e-22 -1.12707e-22 -3.05355e-19 -9.46357e-19 -9.06184e-21  4.88751e-21  1.40625e-27 -1.40794e-32   3.3579e-21 -5.44357e-21 -5.39994e-22  3.83259e-23  -1.2756e-21  9.16816e-22  2.82943e-22   -1.285e-21
 -3.8293e-20  -1.1329e-20 -4.62995e-22 -1.73071e-21  -1.0314e-19 -4.33481e-19 -5.01734e-20 -4.50394e-16 -1.21232e-16 -4.41432e-19 -1.10274e-18 -1.40794e-32  4.01996e-22 -5.48609e-19  5.82815e-19 -1.09577e-19 -3.17668e-22  -1.2034e-18   2.8074e-19 -4.32962e-20  2.58497e-19
 2.57444e-07 -2.26036e-09  1.51014e-09 -4.03718e-10 -1.14244e-09 -7.09037e-07  3.58103e-08 -0.000508553  2.19876e-05  2.73203e-06 -3.56792e-07   3.3579e-21 -5.48609e-19    0.0325349 -3.58521e-08  1.87744e-07  4.56433e-08 -1.45459e-06  7.74389e-07 -8.29788e-07   1.4476e-07
 5.63789e-10 -6.49348e-09  4.15351e-10   4.8918e-09 -1.13749e-09  -5.3989e-08  1.79804e-09 -1.72393e-05 -1.51142e-05   6.1585e-07  3.09142e-06 -5.44357e-21  5.82815e-19 -3.58521e-08    0.0571194 -1.40557e-09  3.90656e-09 -1.76071e-08  5.90102e-08  3.13903e-08 -4.18841e-06
-1.15651e-08 -1.25992e-07  3.05306e-10  1.19014e-10 -8.39219e-09  6.11331e-08 -3.03095e-08  0.000276345 -3.15805e-05  8.38342e-07  1.55322e-07 -5.39994e-22 -1.09577e-19  1.87744e-07 -1.40557e-09     0.136273 -6.49536e-09  2.30233e-07 -7.02449e-08  2.41974e-08 -2.72228e-08
-2.02282e-08  9.28128e-09 -4.73346e-11 -2.97512e-12  1.49631e-10  5.72797e-08 -1.57327e-09  4.19364e-05  6.73136e-07  -4.9502e-08  1.01156e-08  3.83259e-23 -3.17668e-22  4.56433e-08  3.90656e-09 -6.49536e-09   0.00143517  9.64356e-08   -9.668e-08 -5.13647e-09 -1.73172e-08
 8.09922e-07  1.42432e-07 -1.35753e-10 -8.25611e-10 -8.96794e-09 -1.29489e-06  7.30568e-08   -0.0007975   3.8887e-05 -7.65077e-07  -8.0967e-07  -1.2756e-21  -1.2034e-18 -1.45459e-06 -1.76071e-08  2.30233e-07  9.64356e-08     0.127473  1.71745e-06  3.37409e-08  3.19979e-07
-3.25266e-07  1.83241e-07 -6.69681e-10  1.51355e-10  6.19352e-09  1.00865e-06 -2.56666e-08  0.000754859   2.2367e-05 -1.28126e-06  1.73462e-07  9.16816e-22   2.8074e-19  7.74389e-07  5.90102e-08 -7.02449e-08   -9.668e-08  1.71745e-06    0.0271707  -9.8518e-08 -3.02056e-07
-1.71617e-08  1.06045e-08 -1.05713e-10 -5.84918e-11  2.46599e-10  2.62491e-08  2.02241e-09 -1.05779e-05   1.7126e-06 -1.34375e-07  -3.6495e-08  2.82943e-22 -4.32962e-20 -8.29788e-07  3.13903e-08  2.41974e-08 -5.13647e-09  3.37409e-08  -9.8518e-08   0.00357672 -6.63413e-09
-6.08275e-08  2.63423e-08  -1.3966e-11  1.37975e-09  7.94265e-10  1.72051e-07 -4.71265e-09  0.000137014 -2.60796e-06   3.9969e-08  9.08944e-07   -1.285e-21  2.58497e-19   1.4476e-07 -4.18841e-06 -2.72228e-08 -1.73172e-08  3.19979e-07 -3.02056e-07 -6.63413e-09   0.00707497
* row and column names
af_m
af_p
alpha_m
alpha_p
auf_m
auf_p
b_bc
den_m
den_p
n_m
n_p
perm_m
perm_p
por_m
por_p
tcd_m
tcd_p
tcs_m
tcs_p
wr_m
wr_p
